500
    1     9     4
    2    50    48
    3     7     4
    4    15    13
    5    31    28
    6    49    44
    7     3     1
    8    11     8
    9    14    19
   10    22    20
   11     4     8
   12    38    33
   13    49    46
   14    17    16
   15     9    11
   16     1     1
   17    36    31
   18    43    46
   19    47    47
   20    10     8
   21    42    37
   22    39    44
   23    10     6
   24    32    31
   25    17    15
   26    36    32
   27    19    20
   28    34    36
   29     5    10
   30    20    21
   31    52    48
   32    47    50
   33    44    40
   34    13    17
   35    46    44
   36     8     9
   37    53    48
   38     1     3
   39    13    10
   40     9     9
   41     1     1
   42     5     2
   43    31    30
   44    36    34
   45    35    31
   46    52    47
   47     6     8
   48    26    26
   49    13     9
   50    19    18
   51     9     7
   52     5     2
   53    40    39
   54    11    14
   55    31    31
   56    34    38
   57    13     9
   58    29    31
   59    24    22
   60     5     4
   61     8     9
   62    41    37
   63    30    30
   64     5     3
   65    28    30
   66    35    40
   67    19    15
   68    19    15
   69    19    20
   70    25    20
   71    27    22
   72    26    28
   73    11     6
   74     1     3
   75    39    42
   76     3     7
   77    19    15
   78     4     1
   79    42    37
   80    31    33
   81    20    16
   82    27    22
   83    45    49
   84    25    22
   85    22    26
   86    43    38
   87    36    34
   88    42    40
   89    27    30
   90    28    25
   91    48    47
   92    37    39
   93    29    27
   94    19    22
   95    46    50
   96     6     7
   97    18    17
   98     1     3
   99    11    14
  100    27    28
  101    19    21
  102    20    22
  103    48    48
  104    38    38
  105    40    41
  106    35    34
  107    16    15
  108     1     5
  109    40    35
  110    39    37
  111    47    45
  112    10    13
  113    17    19
  114     6     9
  115    22    27
  116    12    17
  117    46    43
  118    10    15
  119    13    11
  120    33    29
  121    18    14
  122    17    17
  123    30    32
  124    43    39
  125     2     3
  126     6     1
  127    26    24
  128     6    10
  129    36    41
  130     5     5
  131     8     6
  132    11    15
  133    42    47
  134    15    20
  135    42    43
  136     4     2
  137    46    49
  138     3     3
  139    13    16
  140    40    40
  141    32    33
  142     2     1
  143     8    11
  144     1     1
  145     8     3
  146    35    30
  147    22    20
  148    29    31
  149    50    45
  150    33    30
  151    38    43
  152    46    41
  153     7    12
  154    17    14
  155     5    10
  156     8     4
  157    36    40
  158    19    21
  159    37    38
  160    16    13
  161    18    15
  162    20    25
  163    34    30
  164    21    16
  165    30    35
  166    23    24
  167    25    25
  168     1     2
  169     1     4
  170    48    43
  171    36    35
  172    17    22
  173    43    47
  174    15    12
  175    21    21
  176    32    27
  177    15    16
  178    20    17
  179    21    16
  180    35    38
  181    32    37
  182    13    11
  183    48    44
  184    35    34
  185    12    15
  186    35    35
  187    22    24
  188    33    31
  189    17    22
  190    24    29
  191     7     2
  192    34    31
  193    42    46
  194     8     4
  195    19    17
  196    23    28
  197    22    24
  198    37    40
  199     9    13
  200     5     9
  201    37    35
  202     4     3
  203     6     5
  204    34    33
  205    34    31
  206    16    17
  207    38    36
  208    42    40
  209    18    21
  210    50    49
  211    18    20
  212    43    48
  213    36    31
  214    32    31
  215    39    40
  216    28    33
  217    14    16
  218    35    38
  219    20    23
  220    45    42
  221     5    10
  222    39    39
  223     7    11
  224    27    22
  225    32    28
  226    26    26
  227    17    15
  228    24    27
  229    42    43
  230     1     3
  231    28    27
  232    37    42
  233    50    49
  234     8     4
  235    13    13
  236    34    36
  237    20    21
  238    54    49
  239    40    43
  240    39    41
  241    19    23
  242    13    15
  243    43    47
  244    24    21
  245    45    48
  246     9     5
  247    43    38
  248     9    14
  249    14    12
  250    44    46
  251    11     7
  252     8    11
  253    47    49
  254    26    28
  255     3     3
  256    18    19
  257    31    26
  258    20    16
  259    33    31
  260    33    33
  261     5     9
  262    32    37
  263     8     7
  264     5     7
  265    25    21
  266     1     4
  267    41    42
  268    43    42
  269    29    29
  270    52    49
  271    52    50
  272    42    39
  273    44    40
  274    52    49
  275     8    13
  276     5     8
  277    12     9
  278     9     4
  279    32    33
  280    28    30
  281    26    25
  282     5     6
  283    48    47
  284    13    15
  285    33    38
  286     5     1
  287    12     7
  288    52    49
  289    16    13
  290    12    15
  291    39    44
  292     8     4
  293    21    26
  294    36    40
  295    26    23
  296    36    35
  297     1     6
  298    24    24
  299     1     4
  300    38    34
  301    30    26
  302     8     7
  303     1     4
  304    40    45
  305     1     5
  306    26    22
  307     8     9
  308    22    25
  309    18    14
  310    31    33
  311    54    50
  312    29    30
  313    43    40
  314    42    42
  315     5     8
  316    34    32
  317     1     3
  318    48    45
  319    39    34
  320    38    33
  321    25    24
  322    47    43
  323    11     8
  324    23    22
  325    18    17
  326    41    43
  327    25    26
  328    40    37
  329    41    44
  330    40    43
  331    13    10
  332    46    47
  333    25    29
  334     8     8
  335    10    14
  336     1     5
  337    25    23
  338     1     3
  339    50    50
  340    24    24
  341    46    49
  342    29    28
  343    19    24
  344    52    48
  345    51    46
  346    28    25
  347    36    32
  348    25    30
  349    36    41
  350    26    21
  351    30    34
  352    29    26
  353    11     8
  354    43    46
  355    43    40
  356    24    23
  357    44    47
  358    26    31
  359    33    35
  360    31    30
  361    39    42
  362     2     3
  363    27    31
  364    42    38
  365    48    50
  366    47    47
  367     1     3
  368    35    32
  369    33    31
  370    20    25
  371    39    40
  372    47    50
  373    50    48
  374    38    40
  375    11    16
  376    48    47
  377     6     9
  378    12    16
  379    45    48
  380    20    25
  381    34    31
  382    47    49
  383    14    16
  384    44    43
  385    16    19
  386    36    39
  387     8    13
  388    49    46
  389    22    24
  390    39    34
  391    16    13
  392    12    11
  393    17    21
  394    20    16
  395    25    28
  396    33    31
  397    45    46
  398    50    46
  399    47    44
  400    45    49
  401    37    40
  402    20    19
  403    38    42
  404    31    27
  405    13    18
  406    24    20
  407    23    28
  408    44    46
  409    22    26
  410     2     6
  411    35    33
  412    47    43
  413    41    45
  414    20    15
  415    36    41
  416    40    36
  417    33    31
  418    30    26
  419    46    50
  420    51    46
  421    10     7
  422     2     3
  423    26    27
  424     7     4
  425     7     8
  426     5     9
  427     8     8
  428     3     6
  429     5    10
  430    44    48
  431    38    39
  432     1     2
  433    25    24
  434     2     5
  435    13    15
  436    48    45
  437    34    36
  438    39    34
  439    31    36
  440    30    29
  441    31    26
  442    36    36
  443    32    34
  444    29    30
  445    29    27
  446    41    44
  447     8     9
  448    19    23
  449    22    17
  450    27    25
  451     6     5
  452    10    11
  453    32    27
  454     1     1
  455    43    48
  456    13    16
  457    20    17
  458    51    48
  459    20    23
  460    26    30
  461    46    41
  462    17    14
  463    36    39
  464    33    30
  465    25    26
  466     1     2
  467     5     8
  468    21    16
  469    40    44
  470    10     9
  471    25    20
  472    42    37
  473     1     4
  474    10     6
  475     6    10
  476     3     1
  477    44    47
  478    20    24
  479    13    17
  480     4     9
  481    33    35
  482    49    49
  483    23    27
  484     4     6
  485    14    11
  486    33    33
  487    44    40
  488     1     2
  489     5     9
  490     6     5
  491    40    39
  492    14    13
  493    13    11
  494    30    33
  495    40    39
  496     1     2
  497    35    31
  498    50    49
  499    25    22
  500    43    40
4229
