500
    1    54    45
    2    90    93
    3    73    67
    4    91   100
    5    40    41
    6    98    91
    7    73    70
    8    88    81
    9    55    46
   10    56    59
   11    54    57
   12   102   100
   13    85    93
   14    69    61
   15    13     6
   16    59    54
   17     4    10
   18    33    25
   19    49    58
   20     1     7
   21    23    14
   22    15    13
   23     1     1
   24    98    96
   25    41    50
   26    23    21
   27    93    95
   28    15    17
   29    40    39
   30    12     4
   31    90    95
   32    44    41
   33    34    25
   34    21    14
   35    37    45
   36    56    62
   37    45    49
   38    10    18
   39    42    37
   40    85    76
   41    14    16
   42    31    23
   43    50    47
   44    59    59
   45    16    16
   46    35    44
   47    89    95
   48    80    79
   49    25    16
   50    54    57
   51    96    92
   52   106    97
   53    39    34
   54     6     5
   55    69    70
   56    66    57
   57    87    94
   58    58    48
   59     8     9
   60    37    39
   61    94    98
   62    23    32
   63    49    45
   64    62    68
   65    13     9
   66    69    69
   67    10     2
   68    72    68
   69    19    17
   70    20    11
   71    23    19
   72    12    19
   73     5     3
   74    43    40
   75    25    17
   76    94    86
   77    67    60
   78    64    56
   79    94    90
   80    21    20
   81    26    27
   82    32    39
   83    71    72
   84    50    55
   85    45    55
   86    72    79
   87    24    29
   88    74    81
   89     1     7
   90    61    56
   91    59    62
   92    55    46
   93    69    66
   94    67    65
   95    69    65
   96    21    26
   97    13    18
   98   101    98
   99    89    93
  100     1     5
  101    57    62
  102    23    17
  103    50    55
  104    32    37
  105    16    26
  106    10     3
  107    82    76
  108   105   100
  109    31    28
  110   103    98
  111    89    84
  112   104    96
  113    34    42
  114    30    34
  115    55    62
  116    14    20
  117     3    12
  118    11     6
  119    91    98
  120    55    62
  121    18    25
  122    89    82
  123    28    33
  124    40    48
  125    45    54
  126    86    80
  127    65    73
  128   106    97
  129    86    76
  130    59    60
  131    39    47
  132    84    78
  133    83    76
  134    22    17
  135    70    70
  136    99    91
  137    30    26
  138    56    56
  139    28    23
  140    19    29
  141    75    76
  142    69    62
  143    11     8
  144    58    68
  145    65    74
  146    93    99
  147     3     3
  148    23    24
  149     7     6
  150    85    95
  151    84    82
  152    40    38
  153    60    51
  154    10    17
  155    47    39
  156    56    61
  157    24    27
  158    59    68
  159     3     3
  160    58    58
  161    79    70
  162    91    96
  163    59    63
  164    61    71
  165    34    34
  166    87    95
  167    63    56
  168    25    21
  169    93    87
  170     3    10
  171    43    36
  172    33    43
  173     8    18
  174    23    15
  175    85    92
  176    38    44
  177    10     3
  178    83    74
  179    91    99
  180    79    81
  181    44    36
  182    80    90
  183    25    21
  184    71    73
  185    43    38
  186     8    14
  187    65    59
  188    94    98
  189    51    41
  190    23    18
  191    11    15
  192    58    48
  193    45    45
  194     1     1
  195    28    30
  196    61    63
  197    29    21
  198    31    27
  199    52    56
  200    44    42
  201    84    92
  202     1     2
  203    74    84
  204    90    92
  205    15    20
  206    41    50
  207     1     1
  208    87    95
  209    82    72
  210    55    46
  211    65    57
  212    79    89
  213   102   100
  214    50    42
  215    62    63
  216    79    88
  217    25    29
  218    11    13
  219    28    30
  220    43    43
  221    22    23
  222    93    90
  223    41    50
  224    57    53
  225    63    65
  226    65    65
  227    14    12
  228    28    26
  229     5     8
  230    60    64
  231     8    18
  232    84    83
  233     1     2
  234    34    35
  235    46    42
  236    48    53
  237    89    86
  238    36    42
  239    80    70
  240    67    58
  241    69    62
  242     8    12
  243    61    62
  244   108   100
  245    57    67
  246    85    80
  247    45    39
  248    74    67
  249    24    29
  250    11    21
  251    94    88
  252    84    84
  253    40    38
  254    57    63
  255    50    48
  256    95    86
  257    88    85
  258    85    77
  259    68    76
  260    67    66
  261    10     4
  262    65    58
  263   105   100
  264    43    48
  265    48    48
  266    51    47
  267    21    27
  268     1     1
  269    95    94
  270    27    32
  271    49    53
  272    15    12
  273    19    25
  274    63    64
  275    29    38
  276    54    51
  277    92   100
  278    89    99
  279    10    18
  280    12     9
  281    59    62
  282    18    15
  283    38    40
  284    70    64
  285    96    97
  286    28    30
  287    38    36
  288    49    50
  289     7     2
  290    88    84
  291    69    63
  292    91    81
  293    54    57
  294    61    71
  295    95   100
  296    20    16
  297    30    39
  298    89    95
  299    95    91
  300    24    33
  301    29    37
  302    59    52
  303    88    95
  304    52    46
  305    20    24
  306    40    33
  307    86    84
  308     3     2
  309    41    41
  310    14    24
  311    92    99
  312    29    19
  313    12    19
  314     1     7
  315    91    87
  316    26    27
  317    60    50
  318    71    78
  319    31    23
  320    83    90
  321    74    83
  322    17    12
  323    87    85
  324    47    43
  325    26    30
  326     9     8
  327    49    39
  328     9     8
  329    75    71
  330    95    94
  331    82    77
  332    98   100
  333    95    98
  334    84    85
  335     5    11
  336    94    84
  337    99    92
  338    50    48
  339    86    81
  340    96    93
  341    66    66
  342    21    11
  343    41    39
  344    80    81
  345    50    49
  346    49    48
  347    64    57
  348    44    51
  349     1     6
  350    12    12
  351    65    57
  352    47    41
  353    63    57
  354    27    17
  355    20    25
  356    36    30
  357    31    32
  358    78    76
  359    65    64
  360    44    39
  361     7     7
  362    52    62
  363    49    42
  364    77    71
  365     1     3
  366    13    20
  367    69    66
  368    19    17
  369    51    48
  370    50    44
  371    39    45
  372    62    55
  373    52    53
  374    74    79
  375    86    77
  376    54    62
  377    20    16
  378    75    83
  379     7    17
  380    76    70
  381    62    64
  382   101   100
  383    48    49
  384    89    92
  385    57    56
  386    65    72
  387     2    12
  388    20    15
  389     5    15
  390    30    21
  391     1     8
  392    61    58
  393    22    20
  394    51    51
  395    94    89
  396    86    86
  397    76    81
  398    75    77
  399    82    83
  400    44    42
  401    32    33
  402    17    14
  403    38    47
  404     1     4
  405    53    55
  406     6     9
  407    79    83
  408    26    31
  409    80    75
  410    86    87
  411    27    28
  412    84    76
  413    13    14
  414    82    74
  415    58    56
  416    26    23
  417    89    88
  418    50    41
  419    79    85
  420    37    45
  421    23    30
  422    81    72
  423    67    66
  424    31    41
  425    93    97
  426    24    18
  427    15     7
  428    47    37
  429    84    91
  430    93    95
  431    25    16
  432    27    35
  433    48    51
  434    40    38
  435     1     8
  436    19    22
  437    38    39
  438    87    77
  439    18    11
  440    62    72
  441    13    11
  442    41    33
  443    77    73
  444    80    71
  445    59    68
  446    54    49
  447    80    78
  448    79    82
  449     1     4
  450    53    48
  451    60    58
  452    98    98
  453    46    46
  454     1     4
  455    84    79
  456    85    95
  457    10     4
  458     9    11
  459    86    84
  460    13    11
  461    99    98
  462    89    79
  463    19    10
  464    68    59
  465    15    25
  466    83    91
  467    94    87
  468    52    55
  469    91    87
  470    87    86
  471    67    65
  472    89    84
  473    21    23
  474     7     5
  475     1     1
  476   102    96
  477     4    12
  478    22    13
  479     7    10
  480    56    48
  481    90    92
  482    60    64
  483    48    40
  484    89    79
  485    30    38
  486     1     2
  487    89    87
  488    73    81
  489    46    54
  490    47    38
  491    22    24
  492    20    28
  493   103    94
  494    11    12
  495    60    64
  496    62    63
  497    20    16
  498    20    18
  499     1     1
  500    54    47
16802
