500
    1    55    45
    2   109    99
    3   103    93
    4   106    96
    5    77    67
    6    39    29
    7   110   100
    8    75    65
    9    51    41
   10    33    23
   11   101    91
   12    12     2
   13    80    70
   14   109    99
   15    91    81
   16    11     1
   17    56    46
   18   106    96
   19    69    59
   20    14     4
   21    67    57
   22    14     4
   23   110   100
   24    30    20
   25   103    93
   26    18     8
   27    71    61
   28    37    27
   29    16     6
   30    58    48
   31    64    54
   32    27    17
   33    20    10
   34    21    11
   35    35    25
   36    25    15
   37    68    58
   38    30    20
   39    17     7
   40    89    79
   41    24    14
   42   101    91
   43    23    13
   44    14     4
   45    11     1
   46    11     1
   47   106    96
   48   103    93
   49    60    50
   50    56    46
   51    31    21
   52    54    44
   53   105    95
   54    83    73
   55    27    17
   56    31    21
   57    49    39
   58    73    63
   59    14     4
   60   104    94
   61   105    95
   62    96    86
   63    51    41
   64    15     5
   65    35    25
   66    15     5
   67    24    14
   68    22    12
   69    55    45
   70    51    41
   71    72    62
   72    80    70
   73    59    49
   74    60    50
   75    28    18
   76   110   100
   77    47    37
   78    74    64
   79    86    76
   80   107    97
   81    26    16
   82    23    13
   83    33    23
   84   105    95
   85    57    47
   86    49    39
   87    69    59
   88    58    48
   89    26    16
   90    14     4
   91    54    44
   92    78    68
   93   105    95
   94    68    58
   95    89    79
   96    44    34
   97    26    16
   98    88    78
   99    67    57
  100    37    27
  101   102    92
  102   110   100
  103   107    97
  104    90    80
  105    44    34
  106    34    24
  107    15     5
  108    16     6
  109    80    70
  110    63    53
  111    67    57
  112    29    19
  113   104    94
  114    34    24
  115    58    48
  116    39    29
  117    19     9
  118    79    69
  119    49    39
  120    46    36
  121   108    98
  122    55    45
  123    42    32
  124    45    35
  125    55    45
  126    81    71
  127    78    68
  128    49    39
  129    19     9
  130    22    12
  131    79    69
  132    44    34
  133    12     2
  134    76    66
  135    78    68
  136    21    11
  137    27    17
  138    80    70
  139    21    11
  140    25    15
  141    29    19
  142    88    78
  143    29    19
  144    14     4
  145    13     3
  146    80    70
  147    50    40
  148    89    79
  149    27    17
  150   110   100
  151    96    86
  152    97    87
  153    70    60
  154    45    35
  155    66    56
  156    32    22
  157   100    90
  158    23    13
  159    30    20
  160    31    21
  161    37    27
  162    86    76
  163    49    39
  164    89    79
  165    82    72
  166    13     3
  167    65    55
  168    97    87
  169    65    55
  170    24    14
  171    89    79
  172    92    82
  173    39    29
  174    33    23
  175    91    81
  176    98    88
  177    17     7
  178   103    93
  179    66    56
  180   110   100
  181    72    62
  182    37    27
  183    56    46
  184    65    55
  185    76    66
  186    97    87
  187    75    65
  188    72    62
  189    75    65
  190    75    65
  191    36    26
  192    82    72
  193    28    18
  194    88    78
  195   108    98
  196    79    69
  197   103    93
  198    48    38
  199    15     5
  200    56    46
  201    72    62
  202    92    82
  203    27    17
  204    25    15
  205    65    55
  206    46    36
  207    47    37
  208    13     3
  209    36    26
  210    66    56
  211    13     3
  212    82    72
  213    86    76
  214    65    55
  215   110   100
  216    52    42
  217    38    28
  218    29    19
  219   108    98
  220    72    62
  221    94    84
  222    13     3
  223   106    96
  224    33    23
  225    52    42
  226   109    99
  227    44    34
  228    55    45
  229    72    62
  230    97    87
  231    30    20
  232    80    70
  233    22    12
  234    82    72
  235    16     6
  236    32    22
  237   108    98
  238    21    11
  239    72    62
  240    70    60
  241    35    25
  242    49    39
  243    92    82
  244    94    84
  245    43    33
  246    13     3
  247    58    48
  248    78    68
  249    64    54
  250    63    53
  251    90    80
  252   108    98
  253    83    73
  254    84    74
  255   107    97
  256    61    51
  257    86    76
  258    75    65
  259    70    60
  260    84    74
  261    57    47
  262    74    64
  263    88    78
  264   106    96
  265    86    76
  266    71    61
  267    27    17
  268    22    12
  269    80    70
  270    41    31
  271   101    91
  272    75    65
  273    36    26
  274    32    22
  275    66    56
  276    65    55
  277    33    23
  278    70    60
  279    39    29
  280    89    79
  281    86    76
  282    37    27
  283    72    62
  284    72    62
  285    18     8
  286    53    43
  287    78    68
  288    83    73
  289    84    74
  290    35    25
  291   109    99
  292    26    16
  293    13     3
  294    36    26
  295    34    24
  296    62    52
  297    16     6
  298    48    38
  299   105    95
  300    54    44
  301    92    82
  302    44    34
  303    48    38
  304    70    60
  305    61    51
  306    83    73
  307    27    17
  308    39    29
  309    49    39
  310    64    54
  311    71    61
  312    47    37
  313    37    27
  314    57    47
  315    78    68
  316    92    82
  317    13     3
  318    35    25
  319    68    58
  320    92    82
  321    80    70
  322    54    44
  323   106    96
  324    17     7
  325    73    63
  326    33    23
  327    81    71
  328   104    94
  329    44    34
  330   104    94
  331   105    95
  332    88    78
  333    66    56
  334    18     8
  335    31    21
  336   107    97
  337    97    87
  338    45    35
  339    20    10
  340    40    30
  341    46    36
  342    74    64
  343    53    43
  344    81    71
  345    28    18
  346    33    23
  347    25    15
  348    25    15
  349   102    92
  350    18     8
  351    54    44
  352    91    81
  353    13     3
  354   110   100
  355    84    74
  356    29    19
  357   109    99
  358    93    83
  359    91    81
  360    80    70
  361    46    36
  362    54    44
  363   100    90
  364    57    47
  365    31    21
  366    72    62
  367    83    73
  368    64    54
  369    48    38
  370    84    74
  371    24    14
  372    77    67
  373    69    59
  374    60    50
  375   108    98
  376    95    85
  377    51    41
  378    51    41
  379    28    18
  380    42    32
  381    25    15
  382    72    62
  383    58    48
  384    23    13
  385    55    45
  386    33    23
  387    11     1
  388   107    97
  389    40    30
  390    47    37
  391    73    63
  392   101    91
  393    31    21
  394    20    10
  395    37    27
  396    15     5
  397    66    56
  398    70    60
  399    52    42
  400    27    17
  401   102    92
  402    31    21
  403    12     2
  404    61    51
  405    94    84
  406    35    25
  407   102    92
  408    37    27
  409    30    20
  410    13     3
  411    60    50
  412    12     2
  413    11     1
  414    26    16
  415   105    95
  416    79    69
  417    82    72
  418    73    63
  419    56    46
  420   106    96
  421    67    57
  422    16     6
  423    99    89
  424    56    46
  425   110   100
  426    92    82
  427    52    42
  428    64    54
  429    73    63
  430    99    89
  431    98    88
  432    14     4
  433    39    29
  434    70    60
  435    23    13
  436    96    86
  437    40    30
  438    55    45
  439    53    43
  440    38    28
  441    33    23
  442    89    79
  443   100    90
  444    26    16
  445    60    50
  446    27    17
  447    63    53
  448    88    78
  449    75    65
  450   108    98
  451    75    65
  452    35    25
  453    22    12
  454    51    41
  455    36    26
  456    97    87
  457    18     8
  458   108    98
  459    74    64
  460    60    50
  461    28    18
  462    55    45
  463    93    83
  464    74    64
  465    12     2
  466   101    91
  467    45    35
  468    59    49
  469    52    42
  470    51    41
  471    63    53
  472    64    54
  473    96    86
  474   110   100
  475    52    42
  476    92    82
  477    80    70
  478    21    11
  479    68    58
  480    94    84
  481    72    62
  482   104    94
  483    22    12
  484    40    30
  485    72    62
  486   109    99
  487   110   100
  488    35    25
  489    77    67
  490    99    89
  491    90    80
  492    97    87
  493    49    39
  494    59    49
  495    77    67
  496    26    16
  497    39    29
  498    68    58
  499    31    21
  500    97    87
16751
