500
    1   214   204
    2   956   946
    3   458   448
    4   829   819
    5   664   654
    6   430   420
    7   873   863
    8   810   800
    9   938   928
   10   416   406
   11   304   294
   12   951   941
   13   811   801
   14    80    70
   15   618   608
   16   570   560
   17   779   769
   18   805   795
   19    80    70
   20   593   583
   21    18     8
   22   605   595
   23   193   183
   24   705   695
   25   706   696
   26   473   463
   27   626   616
   28   752   742
   29   571   561
   30   181   171
   31   811   801
   32   362   352
   33   491   481
   34   868   858
   35   406   396
   36   192   182
   37  1007   997
   38   897   887
   39   468   458
   40   616   606
   41   747   737
   42   480   470
   43   854   844
   44   965   955
   45   666   656
   46   562   552
   47   341   331
   48   774   764
   49   475   465
   50   503   493
   51   142   132
   52   373   363
   53    80    70
   54   598   588
   55   646   636
   56   230   220
   57   820   810
   58   992   982
   59   181   171
   60   271   261
   61   408   398
   62   803   793
   63   810   800
   64   806   796
   65   250   240
   66   882   872
   67   627   617
   68   357   347
   69   754   744
   70   778   768
   71   119   109
   72   795   785
   73   458   448
   74   751   741
   75   563   553
   76   197   187
   77   170   160
   78   349   339
   79    69    59
   80   418   408
   81   461   451
   82   330   320
   83   912   902
   84   452   442
   85   740   730
   86   528   518
   87   644   634
   88   137   127
   89   741   731
   90    33    23
   91    57    47
   92   385   375
   93   368   358
   94   523   513
   95   536   526
   96    11     1
   97   669   659
   98   603   593
   99   678   668
  100   696   686
  101   517   507
  102   245   235
  103   662   652
  104   249   239
  105   299   289
  106   761   751
  107   474   464
  108   139   129
  109   591   581
  110   242   232
  111   598   588
  112   528   518
  113   919   909
  114   561   551
  115    41    31
  116  1002   992
  117   482   472
  118   222   212
  119    64    54
  120   497   487
  121   219   209
  122   558   548
  123    97    87
  124   964   954
  125   190   180
  126   176   166
  127   313   303
  128   908   898
  129   890   880
  130   609   599
  131   850   840
  132   163   153
  133   475   465
  134   271   261
  135   125   115
  136   980   970
  137   730   720
  138   763   753
  139   280   270
  140   948   938
  141   732   722
  142   327   317
  143   388   378
  144   965   955
  145   916   906
  146   191   181
  147   813   803
  148   164   154
  149   902   892
  150   117   107
  151   567   557
  152   528   518
  153   625   615
  154    12     2
  155   561   551
  156   275   265
  157   847   837
  158    30    20
  159   193   183
  160   878   868
  161   876   866
  162   513   503
  163   132   122
  164   828   818
  165   609   599
  166   916   906
  167   432   422
  168   264   254
  169   236   226
  170   527   517
  171    48    38
  172   187   177
  173   294   284
  174   312   302
  175   650   640
  176   469   459
  177   640   630
  178   794   784
  179   785   775
  180   581   571
  181   507   497
  182   256   246
  183   499   489
  184    12     2
  185   987   977
  186   696   686
  187   582   572
  188   283   273
  189   710   700
  190   282   272
  191    67    57
  192   397   387
  193   127   117
  194   111   101
  195   863   853
  196   614   604
  197   274   264
  198   551   541
  199   138   128
  200   475   465
  201   931   921
  202   811   801
  203   982   972
  204   764   754
  205   408   398
  206   913   903
  207   398   388
  208   676   666
  209   151   141
  210   125   115
  211   144   134
  212   625   615
  213   125   115
  214    84    74
  215   465   455
  216   911   901
  217    45    35
  218    12     2
  219   747   737
  220   567   557
  221   905   895
  222   968   958
  223   173   163
  224   764   754
  225   679   669
  226   512   502
  227   319   309
  228   422   412
  229   387   377
  230   380   370
  231   577   567
  232   831   821
  233    53    43
  234   545   535
  235   575   565
  236   587   577
  237   271   261
  238   580   570
  239   939   929
  240   645   635
  241   574   564
  242   636   626
  243   927   917
  244   517   507
  245   242   232
  246   500   490
  247   549   539
  248   597   587
  249   563   553
  250   358   348
  251   861   851
  252   171   161
  253    34    24
  254   299   289
  255   970   960
  256   832   822
  257   601   591
  258   822   812
  259    65    55
  260   223   213
  261   416   406
  262   545   535
  263   975   965
  264   497   487
  265   557   547
  266   878   868
  267    30    20
  268   301   291
  269   303   293
  270   200   190
  271   812   802
  272   318   308
  273   159   149
  274   331   321
  275   713   703
  276   500   490
  277   476   466
  278   821   811
  279   850   840
  280   220   210
  281   793   783
  282   288   278
  283   311   301
  284   499   489
  285   221   211
  286   136   126
  287    61    51
  288   870   860
  289   663   653
  290   702   692
  291   640   630
  292   773   763
  293   980   970
  294   279   269
  295    41    31
  296   973   963
  297   655   645
  298   167   157
  299   840   830
  300   501   491
  301   403   393
  302   311   301
  303   751   741
  304   817   807
  305   272   262
  306   990   980
  307   474   464
  308   490   480
  309   920   910
  310   947   937
  311   214   204
  312   334   324
  313   900   890
  314   328   318
  315   781   771
  316   787   777
  317    48    38
  318   290   280
  319   123   113
  320   831   821
  321   975   965
  322   533   523
  323   185   175
  324   652   642
  325   740   730
  326   196   186
  327   876   866
  328   831   821
  329   295   285
  330   463   453
  331   984   974
  332   623   613
  333   385   375
  334   189   179
  335   262   252
  336   626   616
  337   764   754
  338   568   558
  339   903   893
  340   371   361
  341   745   735
  342   321   311
  343   732   722
  344   608   598
  345   407   397
  346   240   230
  347   572   562
  348   736   726
  349   981   971
  350   781   771
  351   537   527
  352   362   352
  353   676   666
  354   149   139
  355   527   517
  356   216   206
  357   876   866
  358   788   778
  359   698   688
  360   675   665
  361    97    87
  362   785   775
  363   171   161
  364   424   414
  365   554   544
  366    31    21
  367   294   284
  368    39    29
  369   975   965
  370   135   125
  371   595   585
  372    60    50
  373   484   474
  374   859   849
  375   791   781
  376   622   612
  377   382   372
  378   814   804
  379    39    29
  380   365   355
  381   112   102
  382   167   157
  383   841   831
  384   202   192
  385   706   696
  386   380   370
  387   614   604
  388   286   276
  389   927   917
  390   642   632
  391    88    78
  392   924   914
  393   234   224
  394   651   641
  395   700   690
  396   370   360
  397   773   763
  398   825   815
  399   819   809
  400   810   800
  401   845   835
  402   166   156
  403   363   353
  404   272   262
  405   765   755
  406    78    68
  407   493   483
  408   204   194
  409   941   931
  410   996   986
  411   627   617
  412   327   317
  413   446   436
  414  1001   991
  415   600   590
  416   378   368
  417   581   571
  418   964   954
  419    59    49
  420   393   383
  421   930   920
  422   123   113
  423   858   848
  424   711   701
  425   541   531
  426   495   485
  427   591   581
  428   219   209
  429   900   890
  430   734   724
  431   793   783
  432   161   151
  433   226   216
  434   137   127
  435   698   688
  436   651   641
  437   183   173
  438   430   420
  439   552   542
  440   453   443
  441   120   110
  442   192   182
  443   499   489
  444   441   431
  445   971   961
  446   898   888
  447   682   672
  448    47    37
  449   538   528
  450   923   913
  451   786   776
  452    62    52
  453    25    15
  454   930   920
  455   787   777
  456   880   870
  457   853   843
  458   891   881
  459   113   103
  460   135   125
  461   587   577
  462   818   808
  463   852   842
  464    93    83
  465   659   649
  466   828   818
  467   364   354
  468   714   704
  469   223   213
  470   134   124
  471   446   436
  472   247   237
  473   731   721
  474    21    11
  475    59    49
  476    95    85
  477   803   793
  478    68    58
  479   651   641
  480   525   515
  481   683   673
  482   899   889
  483   325   315
  484   647   637
  485  1007   997
  486   252   242
  487   881   871
  488   874   864
  489   408   398
  490   898   888
  491   165   155
  492   656   646
  493   648   638
  494   858   848
  495   624   614
  496   525   515
  497   122   112
  498   163   153
  499   606   596
  500   392   382
84779
