500
    1   284   274
    2   457   447
    3    81    71
    4   493   483
    5    71    61
    6   435   425
    7   168   158
    8   119   109
    9    45    35
   10    24    14
   11   302   292
   12   508   498
   13    70    60
   14    44    34
   15   380   370
   16   314   304
   17    94    84
   18   505   495
   19   399   389
   20   253   243
   21    16     6
   22   410   400
   23   476   466
   24    42    32
   25   429   419
   26   122   112
   27   149   139
   28    45    35
   29   393   383
   30   346   336
   31    37    27
   32   319   309
   33   406   396
   34   245   235
   35   421   411
   36   109    99
   37   138   128
   38   437   427
   39   443   433
   40   476   466
   41   186   176
   42   464   454
   43   264   254
   44   290   280
   45   289   279
   46   187   177
   47    99    89
   48   339   329
   49   417   407
   50   380   370
   51   137   127
   52   213   203
   53   443   433
   54   467   457
   55   136   126
   56    30    20
   57   134   124
   58    33    23
   59   472   462
   60   187   177
   61   106    96
   62   100    90
   63   480   470
   64   135   125
   65   392   382
   66   199   189
   67    26    16
   68   166   156
   69   405   395
   70   190   180
   71   270   260
   72   364   354
   73   433   423
   74   456   446
   75    45    35
   76   454   444
   77   233   223
   78   461   451
   79    27    17
   80   486   476
   81   268   258
   82    27    17
   83   398   388
   84    28    18
   85   499   489
   86   112   102
   87    30    20
   88   174   164
   89   408   398
   90   349   339
   91   355   345
   92   106    96
   93   386   376
   94   419   409
   95   286   276
   96   327   317
   97   448   438
   98   119   109
   99   173   163
  100   240   230
  101   335   325
  102   354   344
  103   261   251
  104   493   483
  105   122   112
  106   174   164
  107   245   235
  108   128   118
  109   109    99
  110   279   269
  111   132   122
  112   405   395
  113   286   276
  114   397   387
  115   199   189
  116   171   161
  117    77    67
  118   375   365
  119   483   473
  120   422   412
  121   337   327
  122   307   297
  123   343   333
  124   105    95
  125   172   162
  126   404   394
  127   271   261
  128    52    42
  129   404   394
  130   389   379
  131   365   355
  132   480   470
  133   369   359
  134   200   190
  135   451   441
  136    76    66
  137   229   219
  138   271   261
  139   250   240
  140    36    26
  141   330   320
  142    32    22
  143   482   472
  144   190   180
  145   315   305
  146    12     2
  147    32    22
  148   400   390
  149    88    78
  150   237   227
  151   481   471
  152   213   203
  153   247   237
  154   229   219
  155   240   230
  156   504   494
  157   249   239
  158    27    17
  159   211   201
  160   254   244
  161   382   372
  162   274   264
  163    90    80
  164   409   399
  165   471   461
  166   288   278
  167   174   164
  168   157   147
  169   274   264
  170   176   166
  171   318   308
  172    39    29
  173   316   306
  174    49    39
  175   445   435
  176   158   148
  177    79    69
  178    75    65
  179   300   290
  180   469   459
  181   489   479
  182   197   187
  183   101    91
  184   312   302
  185    81    71
  186   496   486
  187   304   294
  188   251   241
  189   469   459
  190    55    45
  191   178   168
  192    89    79
  193   354   344
  194   476   466
  195   385   375
  196   247   237
  197   389   379
  198    99    89
  199   477   467
  200   215   205
  201   226   216
  202   351   341
  203   481   471
  204    68    58
  205    87    77
  206   253   243
  207   273   263
  208    44    34
  209   194   184
  210   470   460
  211   179   169
  212    30    20
  213    56    46
  214   349   339
  215   463   453
  216   507   497
  217    15     5
  218   145   135
  219   154   144
  220   343   333
  221   399   389
  222   240   230
  223   116   106
  224    25    15
  225   290   280
  226   360   350
  227   158   148
  228   214   204
  229   506   496
  230    89    79
  231   379   369
  232   456   446
  233   488   478
  234   138   128
  235   346   336
  236   136   126
  237   190   180
  238   377   367
  239   505   495
  240   182   172
  241   304   294
  242   292   282
  243   185   175
  244   105    95
  245    92    82
  246    57    47
  247   103    93
  248   314   304
  249   214   204
  250   310   300
  251   499   489
  252   263   253
  253   108    98
  254   267   257
  255   388   378
  256   197   187
  257    67    57
  258   398   388
  259   244   234
  260   479   469
  261   110   100
  262   109    99
  263   382   372
  264   402   392
  265   147   137
  266   199   189
  267   429   419
  268   161   151
  269    65    55
  270   320   310
  271   407   397
  272   122   112
  273   498   488
  274   131   121
  275   463   453
  276   232   222
  277   354   344
  278   246   236
  279   121   111
  280   104    94
  281   440   430
  282   489   479
  283   241   231
  284   435   425
  285   444   434
  286   168   158
  287   496   486
  288   202   192
  289   174   164
  290    19     9
  291   299   289
  292   425   415
  293    71    61
  294   308   298
  295   364   354
  296   142   132
  297   309   299
  298   107    97
  299   323   313
  300   301   291
  301    98    88
  302   303   293
  303   425   415
  304   217   207
  305   290   280
  306   310   300
  307   301   291
  308   290   280
  309    34    24
  310    31    21
  311    93    83
  312    91    81
  313    95    85
  314   492   482
  315   456   446
  316   140   130
  317   230   220
  318   238   228
  319   446   436
  320    88    78
  321   454   444
  322   217   207
  323    71    61
  324   284   274
  325   407   397
  326   465   455
  327   478   468
  328   268   258
  329    94    84
  330   183   173
  331   395   385
  332   132   122
  333   399   389
  334   278   268
  335    72    62
  336   167   157
  337   206   196
  338   381   371
  339    86    76
  340   356   346
  341    71    61
  342   273   263
  343   242   232
  344   121   111
  345   493   483
  346    37    27
  347   474   464
  348   405   395
  349   291   281
  350   126   116
  351   295   285
  352   227   217
  353   395   385
  354    54    44
  355    82    72
  356   349   339
  357   419   409
  358   441   431
  359    44    34
  360   427   417
  361   496   486
  362   470   460
  363    85    75
  364    16     6
  365   393   383
  366    76    66
  367    89    79
  368   152   142
  369   461   451
  370    60    50
  371   510   500
  372   468   458
  373    27    17
  374    60    50
  375    26    16
  376    35    25
  377    16     6
  378   358   348
  379   234   224
  380   454   444
  381    95    85
  382   419   409
  383   399   389
  384   462   452
  385   157   147
  386   132   122
  387   313   303
  388    47    37
  389   434   424
  390    95    85
  391    30    20
  392   312   302
  393   232   222
  394    59    49
  395   418   408
  396   167   157
  397    19     9
  398    21    11
  399   286   276
  400    43    33
  401   299   289
  402    23    13
  403   213   203
  404   140   130
  405   279   269
  406   131   121
  407    47    37
  408   445   435
  409   111   101
  410   405   395
  411   193   183
  412    19     9
  413   429   419
  414   314   304
  415   278   268
  416   154   144
  417    32    22
  418   169   159
  419   258   248
  420   450   440
  421   149   139
  422   320   310
  423   128   118
  424   260   250
  425   351   341
  426   220   210
  427   221   211
  428    16     6
  429   386   376
  430   166   156
  431   396   386
  432   461   451
  433   433   423
  434    54    44
  435   360   350
  436   300   290
  437    86    76
  438    66    56
  439   427   417
  440   222   212
  441   350   340
  442    40    30
  443    25    15
  444   433   423
  445   290   280
  446   262   252
  447   248   238
  448   167   157
  449   256   246
  450   415   405
  451   156   146
  452   498   488
  453   124   114
  454   191   181
  455   286   276
  456   488   478
  457    12     2
  458   499   489
  459   267   257
  460   371   361
  461   358   348
  462    11     1
  463   323   313
  464   334   324
  465   485   475
  466    89    79
  467   379   369
  468   510   500
  469   314   304
  470   266   256
  471   480   470
  472   279   269
  473   214   204
  474   341   331
  475   430   420
  476   267   257
  477   265   255
  478   220   210
  479   109    99
  480   309   299
  481   402   392
  482   152   142
  483   348   338
  484    44    34
  485   390   380
  486   381   371
  487   372   362
  488   455   445
  489   443   433
  490    98    88
  491   451   441
  492    53    43
  493   274   264
  494   383   373
  495   250   240
  496    26    16
  497   281   271
  498   316   306
  499   169   159
  500   444   434
61987
