500
    1   447   274
    2   483   571
    3   425    61
    4   609   658
    5   514   535
    6   998   792
    7    34   560
    8   304   370
    9   495   584
   10   743   889
   11   400     6
   12    32   466
   13   612   919
   14   535   139
   15   336   383
   16   809    27
   17   735   896
   18   599   911
   19   427   628
   20   966   933
   21   954   176
   22   780   254
   23   677   279
   24   829   589
   25   370   407
   26   203   127
   27   457   933
   28    20   126
   29   523   624
   30   677   462
   31   590   596
   32   125   970
   33   189   382
   34   156   516
   35   180   895
   36   354   760
   37   946   423
   38   444    35
   39   951   223
   40   976   517
   41   517   258
   42    18   888
   43   602   489
   44   664    20
   45   339   898
   46    96   345
   47   909   876
   48   817   776
   49   109   938
   50   230   663
   51   344   825
   52   983   751
   53   164   112
   54   618   235
   55   269    99
   56   895   622
   57   387   276
   58   161   689
   59   865   567
   60   912   473
   61   297   327
   62   595   833
   63   394   162
   64    42   761
   65   379   894
   66   970   355
   67   690   359
   68    66   941
   69   261   719
   70    26   240
   71   522   320
   72   180   972
   73     2   305
   74   890    22
   75   727   578
   76   703   471
   77   719   237
   78   994   730
   79    17   739
   80   244   201
   81   764   872
   82   899   580
   83   278   461
   84   647   664
   85   666   264
   86   529   808
   87   539   306
   88   148   435
   89   565    69
   90   459   290
   91   187   479
   92   802    91
   93   986    71
   94   241   294
   95    45   459
   96   579   668
   97   466   844
   98   237   375
   99    89   879
  100   705   467
  101   341   216
  102    58   471
  103   243    77
  104    34   263
  105   960   684
  106   520   169
  107   839   546
  108   997   953
  109   135   505
  110   333   644
  111   730   389
  112   515   606
  113   850   780
  114   204   648
  115    79   496
  116   446   369
  117   628   978
  118   626   336
  119   367   180
  120   172   995
  121   782   794
  122   595   175
  123    47   582
  124   804    93
  125   800   704
  126   753   989
  127   757   598
  128   687   378
  129   888   557
  130   469   234
  131    99   100
  132   392   872
  133   689   137
  134   651   919
  135   810   555
  136   612   397
  137   621   988
  138   722   953
  139   736   344
  140   594   611
  141   979   430
  142   425   231
  143   658   434
  144   692   486
  145     9   164
  146   915   289
  147   298   561
  148   132   354
  149    97   299
  150   291   313
  151   793    88
  152   207   415
  153   800   780
  154   280   291
  155    21   524
  156   581   583
  157   482   585
  158   130   446
  159   228   220
  160    78   436
  161   207   444
  162   274   561
  163   455   897
  164   758   468
  165   673    84
  166   622   385
  167   768   389
  168   657    62
  169   371   696
  170   346   576
  171   763    61
  172   111   732
  173    27   483
  174   895   964
  175   616   281
  176   217   785
  177   544   385
  178   839    72
  179   431   409
  180   417    34
  181   460   486
  182     6    75
  183    66   383
  184   142    79
  185    50   451
  186   458   500
  187   550    17
  188   525    16
  189   848   506
  190   444   224
  191   409    85
  192   952   889
  193   622   647
  194    37   303
  195    85   924
  196   802   520
  197   549   222
  198   657   908
  199    11     9
  200    33   276
  201   513   289
  202   630   203
  203   121   769
  204   435    37
  205   895   601
  206   509   683
  207   804   419
  208   144   768
  209   159   522
  210   440   748
  211   310   639
  212   750   618
  213   210   841
  214   506   711
  215   656   376
  216   951   386
  217    44   423
  218   290   850
  219    56    76
  220   212   417
  221   530   340
  222   423   515
  223   252   280
  224   157   738
  225   405   246
  226   988   146
  227   181   614
  228   478   276
  229   989     2
  230   861   257
  231   501   848
  232   324   813
  233    79   975
  234  1000   869
  235   256   804
  236   269   470
  237   831   704
  238   757   420
  239   710   255
  240   299    99
  241   142   392
  242   534   838
  243   871   380
  244   945   362
  245   588   933
  246   543   941
  247   373   764
  248   516   240
  249   806   271
  250   934   159
  251    93   173
  252   698   673
  253   801   543
  254   595   320
  255   253   102
  256   742   351
  257   468   907
  258   713   923
  259   495   854
  260   129    23
  261   466   406
  262   691   848
  263   644   153
  264   346   977
  265   365   386
  266     7   500
  267   298    85
  268    15   422
  269   644   535
  270   206   966
  271    54   926
  272   801   650
  273   685   882
  274   433   957
  275   610   600
  276    84   905
  277   531   129
  278   165   853
  279   608    75
  280   235   971
  281   400    43
  282   712   561
  283   228   894
  284   968   113
  285   787   219
  286   345   815
  287   317   622
  288   937   199
  289   564    83
  290   395   625
  291   883   453
  292   732   242
  293    10    67
  294   562   704
  295   186   661
  296   979   801
  297   267    73
  298   539   585
  299   510   572
  300    24   758
  301   428     7
  302   256   705
  303   573   200
  304   986   996
  305   300    90
  306   762     2
  307   583   146
  308   613   464
  309   773   878
  310     4   254
  311   921   324
  312   966    49
  313   187   205
  314   766   624
  315   717   372
  316   588   681
  317   418   151
  318   119   112
  319   586   505
  320   240   987
  321   267   905
  322    90   277
  323   834   346
  324   973   133
  325   183   824
  326   777   202
  327    62   532
  328   856   397
  329   346   732
  330   348   619
  331   420   818
  332   824   750
  333   617   863
  334   619   823
  335   785   812
  336   110   346
  337   796   181
  338   183   525
  339    39   291
  340    70   582
  341   572   308
  342   381   345
  343   112   880
  344   516   539
  345   173   323
  346   586   261
  347   976    18
  348    40    40
  349   461   100
  350   775    42
  351    78    47
  352   810   859
  353   762   907
  354   614   831
  355   723   183
  356   613   351
  357   488   366
  358   258   854
  359   464   549
  360    15   685
  361   632   524
  362   731   707
  363   340   135
  364   439   629
  365   474   552
  366   951   958
  367   604   659
  368   446   675
  369    35   414
  370   282   685
  371   185   242
  372   118   852
  373   447   850
  374    62   485
  375    37   647
  376   109   880
  377   448   837
  378   363   424
  379   613   182
  380   491   223
  381   700   897
  382   960   150
  383   983   759
  384   191   518
  385   298   738
  386   175   806
  387   629   114
  388    37   305
  389   925    20
  390   588   227
  391   873   585
  392    66   160
  393   815   121
  394   526   185
  395   262    83
  396   142   108
  397    79   362
  398   804   886
  399   981   789
  400   808   720
  401   331   763
  402   521   692
  403   404   920
  404   981   842
  405   966   961
  406   249   691
  407   800   456
  408   650   865
  409   762   925
  410   577   897
  411   780   705
  412    60   910
  413   799   679
  414   170   595
  415   831    50
  416   423   205
  417   850   309
  418   141   659
  419   714   443
  420   195   770
  421   694   220
  422   567   313
  423   295   272
  424   664   798
  425   630   203
  426   327   988
  427   667   757
  428   243   346
  429   592   525
  430   491   296
  431   875   177
  432   830   992
  433   675   412
  434   950   447
  435   794   885
  436    67   583
  437   369   512
  438   452   930
  439   337   372
  440   305   301
  441   325   792
  442   772   111
  443   142   354
  444   717   900
  445   246   398
  446   421   322
  447   965   167
  448   994   527
  449   994    85
  450   553    61
  451   561   707
  452   169   604
  453   347   411
  454   196   402
  455   419   289
  456   257   705
  457   813   385
  458   300   805
  459   889   454
  460    24   944
  461   765   120
  462   395   996
  463   952   600
  464   607   245
  465   715    27
  466   984   296
  467   962   697
  468   169    84
  469   824    41
  470   361   148
  471   545   667
  472   763   461
  473   968   665
  474   836   354
  475   585   306
  476   606   274
  477   449   229
  478    73   843
  479   881   463
  480   424    77
  481   802   114
  482   657   981
  483   674    34
  484   806   292
  485   484   700
  486   641   844
  487    86   213
  488   685   191
  489   372   132
  490   223   971
  491   698   781
  492   107   846
  493    30     3
  494   475   274
  495   204   825
  496   906   957
  497   107   598
  498   991   607
  499   628   963
  500   613   345
122948
