500
    1    52    15
    2    60    64
    3    34    74
    4    74    95
    5    79    48
    6     7    37
    7    63    29
    8    45    43
    9    44    61
   10    64    78
   11     9    55
   12    57    83
   13     5    16
   14    72    84
   15    13    28
   16    26    28
   17    88    25
   18    32    40
   19    12    89
   20    39    30
   21    75    53
   22    81    23
   23    26    76
   24    58    54
   25    23    40
   26    84    16
   27    42    58
   28    21    55
   29    52    53
   30    58    95
   31    83    93
   32    34    63
   33    70    67
   34    21    13
   35     1    48
   36    39    13
   37    55    24
   38    57    48
   39    76   100
   40    17    34
   41    10    23
   42    71    57
   43    75     6
   44    33    45
   45    20    35
   46    41    94
   47     6    13
   48    98    29
   49    94    95
   50    71    52
   51     9    10
   52    24    96
   53    37    57
   54    95    24
   55    90    88
   56    96    39
   57     8    13
   58    98    54
   59    74    52
   60    13     6
   61    94    16
   62    76    78
   63    47    75
   64    35    74
   65    92    75
   66    99    84
   67    95    96
   68    55    94
   69    78    16
   70     3    29
   71    83    17
   72    29    13
   73    91    54
   74    67    59
   75    20    55
   76    20    52
   77    52    82
   78    51    83
   79    62    40
   80    97    38
   81    89    33
   82     8    49
   83    27    34
   84    80    97
   85    15    93
   86    86    97
   87     8    51
   88    77    76
   89    22    46
   90    88    71
   91    68    44
   92    55    48
   93    35    60
   94    30    87
   95    38    72
   96    16    37
   97    43    45
   98     2    20
   99    86    60
  100    86    44
  101    22     9
  102    71    64
  103    28    82
  104    19    12
  105    53    17
  106    25    90
  107    20     7
  108    38    98
  109    52    98
  110    38    53
  111    23    78
  112    32    39
  113    47     5
  114    85    73
  115    96    81
  116    95    22
  117    65    47
  118    71    77
  119     8    17
  120    97    28
  121    95     3
  122    72    40
  123    60    83
  124    85     2
  125    57    53
  126    90    70
  127    90    47
  128    68    15
  129    93    42
  130    30    39
  131    28    93
  132     1    37
  133    82    14
  134    24    16
  135    51    32
  136    69    38
  137    74    65
  138    87     6
  139    85     1
  140    63    48
  141    76    75
  142    46    44
  143    75    31
  144     5     3
  145    42    37
  146    16    58
  147    55    46
  148    21    47
  149    78    12
  150    44    26
  151    26    77
  152    60    12
  153    93    21
  154    29    44
  155    38    53
  156    94    92
  157    63    22
  158    35    91
  159    73    85
  160    39    29
  161    28    49
  162    39    82
  163    92    78
  164    83    73
  165    14    33
  166    35     6
  167    97    70
  168    38    79
  169    48    29
  170    15    45
  171    16    62
  172    84     5
  173    20     4
  174    84    17
  175    53     2
  176    46    50
  177     5    22
  178    52    77
  179    36    90
  180    70    27
  181    29    35
  182    39    56
  183    59    60
  184    67    68
  185    99    24
  186    23    29
  187    51     2
  188    46    81
  189    85    75
  190    21    13
  191    14    46
  192    21    54
  193    75    44
  194    58    48
  195    42    37
  196    79     5
  197    18    19
  198    54    93
  199    56     2
  200     2    61
  201    78    94
  202    19    52
  203    78    98
  204    68    46
  205    64    90
  206    46    16
  207    29    84
  208    93    73
  209    16    71
  210    53    93
  211     3    76
  212    95    59
  213    55    10
  214    51    72
  215    21    49
  216     4    43
  217    29    36
  218    35    75
  219    33    85
  220    97    18
  221    75     5
  222     8    16
  223    81    21
  224    98    19
  225    90    83
  226    61    35
  227     2    11
  228    95    25
  229     6    67
  230    86    70
  231    38    37
  232     5    54
  233    52    76
  234    45    50
  235    25    33
  236    38    87
  237    20    69
  238     6    65
  239    63    32
  240    16    16
  241    47    81
  242    75    35
  243    76    45
  244     6    91
  245    89    54
  246    32    66
  247    74    65
  248    69    93
  249    59    36
  250    91    32
  251    42    54
  252    75    46
  253    22    32
  254     4    53
  255    46    47
  256     7    20
  257     9    64
  258    78    84
  259    12    99
  260    74    56
  261    91     3
  262    96    17
  263    97    46
  264    79    66
  265    70    11
  266    12    45
  267    43    70
  268    24    31
  269    65    52
  270    11    47
  271    99    27
  272    18    23
  273    14    67
  274    78    22
  275    91    25
  276    85    50
  277    56    70
  278    46    98
  279    53    60
  280    20   100
  281    61    80
  282    81    22
  283    61    87
  284    41    62
  285    16    28
  286    74    44
  287    86    51
  288    14   100
  289    17    20
  290    36    42
  291    60    22
  292    45    19
  293    47    48
  294     7    85
  295    75    86
  296    64    82
  297    32     6
  298    76    58
  299    11     9
  300    53     7
  301    61    68
  302    93    50
  303    94    41
  304    75    97
  305    57    59
  306    31    15
  307    80    23
  308    82    41
  309    30     3
  310    25    95
  311    18    73
  312    79    38
  313    96    86
  314    67    89
  315    54     1
  316    37    74
  317    51    96
  318   100    45
  319    15    94
  320     5    92
  321    60    62
  322    35    46
  323    71    23
  324    42    54
  325    72    37
  326    26    67
  327     3    45
  328    61    18
  329    99     9
  330    61    68
  331    13    35
  332    77    51
  333    54    80
  334    96   100
  335    42     9
  336    27    75
  337    17     2
  338    36    18
  339    36    24
  340    83    51
  341    13    73
  342    50    26
  343    13    45
  344    17    72
  345    26    24
  346    11    34
  347    45    43
  348    17    61
  349    14    13
  350    20    35
  351    71    20
  352    79    72
  353    59    56
  354    35     4
  355    56    68
  356    78    56
  357    65    51
  358    35    99
  359    73    78
  360    16    94
  361    57    89
  362    80    16
  363    21    48
  364    48    62
  365    75     5
  366     8    83
  367    77    20
  368    91     8
  369    80    83
  370    27    54
  371    94    47
  372     3    57
  373    64     7
  374    91    26
  375    46     8
  376    18    45
  377    41    42
  378    68    41
  379    54    99
  380    80    68
  381    53    30
  382     9    51
  383    20    92
  384    16    67
  385    39    75
  386    40    91
  387    26    63
  388    38    74
  389    66    61
  390    21    16
  391    14    30
  392    51     5
  393   100    70
  394    43    70
  395    87    44
  396    59    13
  397    20    47
  398    65    19
  399    18    78
  400    13    65
  401    44    56
  402    58    89
  403    25    73
  404    66    19
  405    43    98
  406    58    28
  407    61    61
  408    51    98
  409    47    26
  410    90    30
  411    41    50
  412    65    91
  413    48    48
  414    51    52
  415    12    15
  416    48    94
  417    51    66
  418    10    24
  419    31    80
  420    20    19
  421    11    41
  422    44    30
  423    24    61
  424    41    83
  425    63    92
  426    12    97
  427     4     6
  428    52    79
  429    65     6
  430    56    93
  431    56    54
  432    67    25
  433    24    89
  434    75    80
  435    63    78
  436    28     8
  437    78    65
  438    17    23
  439    50    49
  440    46    94
  441     6    77
  442    41     8
  443    31    43
  444    18    93
  445    55    39
  446    38    27
  447    14    36
  448    95    88
  449     3    22
  450    30    34
  451    86    60
  452    62    41
  453    52    80
  454    57     7
  455    96    70
  456    90    34
  457    42    70
  458    69    70
  459    62    15
  460    81    25
  461    78    29
  462   100     9
  463    69    73
  464    88    26
  465   100    24
  466    37    33
  467    47    78
  468    86    73
  469    33    34
  470    66    25
  471    50    64
  472    56     6
  473     5    34
  474    77    55
  475    22    47
  476    63    19
  477    46    94
  478    66    32
  479    94    56
  480    69    18
  481    43    19
  482    42    46
  483    79    99
  484    55    65
  485    21    29
  486    86    61
  487    15    10
  488    54    20
  489    93    77
  490    16     4
  491    43    18
  492    92    11
  493     7    36
  494    36    51
  495    29    50
  496    79    70
  497     4    35
  498     4    76
  499    81    92
  500    14     2
20613
