500
    1    25    15
    2    62    52
    3    74    64
    4    70    60
    5    84    74
    6    44    34
    7   105    95
    8    84    74
    9    58    48
   10    89    79
   11    47    37
   12    17     7
   13    39    29
   14    73    63
   15    53    43
   16    55    45
   17    71    61
   18    54    44
   19    88    78
   20    74    64
   21    65    55
   22    19     9
   23    93    83
   24    67    57
   25    26    16
   26    15     5
   27    94    84
   28    82    72
   29    38    28
   30    23    13
   31    38    28
   32    36    26
   33    35    25
   34    98    88
   35    50    40
   36    42    32
   37    99    89
   38    22    12
   39    40    30
   40    49    39
   41    63    53
   42    85    75
   43    33    23
   44    91    81
   45    86    76
   46    36    26
   47    64    54
   48    68    58
   49    50    40
   50    33    23
   51    26    16
   52    94    84
   53    68    58
   54    52    42
   55    65    55
   56    31    21
   57    63    53
   58    62    52
   59   105    95
   60    68    58
   61   103    93
   62    93    83
   63    73    63
   64    44    34
   65    77    67
   66    80    70
   67    23    13
   68    31    21
   69    58    48
   70    11     1
   71    23    13
   72    49    39
   73    34    24
   74    65    55
   75    58    48
   76    67    57
   77   110   100
   78    86    76
   79    44    34
   80    27    17
   81    33    23
   82    20    10
   83    67    57
   84    81    71
   85    16     6
   86    85    75
   87    55    45
   88    43    33
   89    45    35
   90    30    20
   91   104    94
   92    51    41
   93    23    13
   94    16     6
   95    39    29
   96   108    98
   97   105    95
   98   104    94
   99    62    52
  100    81    71
  101    20    10
  102    19     9
  103   106    96
  104    34    24
  105    67    57
  106    47    37
  107    34    24
  108   105    95
  109    98    88
  110   100    90
  111    49    39
  112   106    96
  113    23    13
  114    18     8
  115    64    54
  116   108    98
  117    62    52
  118    84    74
  119    16     6
  120    23    13
  121    26    16
  122   104    94
  123    88    78
  124    86    76
  125    85    75
  126    57    47
  127    84    74
  128    45    35
  129    85    75
  130   102    92
  131    94    84
  132   109    99
  133   106    96
  134   105    95
  135   104    94
  136    65    55
  137    26    16
  138    88    78
  139    39    29
  140    13     3
  141    27    17
  142    93    83
  143    23    13
  144    39    29
  145    64    54
  146   101    91
  147    69    59
  148    77    67
  149    65    55
  150    30    20
  151    62    52
  152    30    20
  153    92    82
  154    62    52
  155    93    83
  156    61    51
  157    50    40
  158    72    62
  159    48    38
  160   107    97
  161    43    33
  162    99    89
  163    59    49
  164    18     8
  165    44    34
  166    37    27
  167   107    97
  168    90    80
  169   103    93
  170    25    15
  171   107    97
  172    96    86
  173    61    51
  174    18     8
  175    86    76
  176    87    77
  177    56    46
  178    32    22
  179    81    71
  180    98    88
  181    54    44
  182    78    68
  183    58    48
  184    65    55
  185    70    60
  186    45    35
  187    97    87
  188    40    30
  189    82    72
  190    48    38
  191    47    37
  192    26    16
  193    55    45
  194    53    43
  195    30    20
  196    12     2
  197    70    60
  198    96    86
  199    54    44
  200    96    86
  201    19     9
  202    32    22
  203    74    64
  204    81    71
  205    92    82
  206    38    28
  207    22    12
  208    29    19
  209    27    17
  210    63    53
  211   100    90
  212    35    25
  213    17     7
  214    30    20
  215   108    98
  216    48    38
  217   108    98
  218    62    52
  219    63    53
  220    48    38
  221    88    78
  222    33    23
  223    49    39
  224    42    32
  225    15     5
  226    57    47
  227    83    73
  228    95    85
  229    91    81
  230   106    96
  231    32    22
  232   105    95
  233    57    47
  234    75    65
  235    87    77
  236    81    71
  237    27    17
  238    18     8
  239    38    28
  240   107    97
  241    13     3
  242   105    95
  243    50    40
  244    82    72
  245    93    83
  246    70    60
  247    12     2
  248    95    85
  249    63    53
  250    67    57
  251    80    70
  252   100    90
  253    57    47
  254   100    90
  255    25    15
  256    78    68
  257    52    42
  258   103    93
  259    49    39
  260    40    30
  261   103    93
  262    38    28
  263    47    37
  264    11     1
  265    24    14
  266    92    82
  267    26    16
  268    34    24
  269    42    32
  270    61    51
  271    48    38
  272    79    69
  273    75    65
  274    84    74
  275    16     6
  276    97    87
  277    11     1
  278    95    85
  279    58    48
  280    73    63
  281    85    75
  282    86    76
  283    54    44
  284    56    46
  285    41    31
  286    85    75
  287    13     3
  288    15     5
  289    47    37
  290    52    42
  291    68    58
  292    26    16
  293    56    46
  294    65    55
  295    57    47
  296    31    21
  297    22    12
  298    88    78
  299    36    26
  300    54    44
  301    87    77
  302    36    26
  303    22    12
  304    70    60
  305    31    21
  306   103    93
  307    54    44
  308    39    29
  309    63    53
  310    48    38
  311   102    92
  312   104    94
  313    32    22
  314    73    63
  315   101    91
  316    45    35
  317    95    85
  318    83    73
  319    39    29
  320    49    39
  321    59    49
  322    38    28
  323    92    82
  324    49    39
  325    88    78
  326   102    92
  327    83    73
  328    93    83
  329    43    33
  330    24    14
  331    16     6
  332    45    35
  333    80    70
  334   107    97
  335    89    79
  336    48    38
  337    39    29
  338    58    48
  339    55    45
  340    25    15
  341    72    62
  342    26    16
  343    15     5
  344    94    84
  345    14     4
  346    30    20
  347    27    17
  348    94    84
  349    12     2
  350    63    53
  351    60    50
  352    56    46
  353    32    22
  354    15     5
  355    87    77
  356    62    52
  357   100    90
  358    46    36
  359    37    27
  360    80    70
  361    45    35
  362    39    29
  363    66    56
  364    49    39
  365    70    60
  366    69    59
  367    78    68
  368    77    67
  369    34    24
  370   109    99
  371    39    29
  372    33    23
  373    12     2
  374    61    51
  375    91    81
  376    56    46
  377    85    75
  378    95    85
  379    23    13
  380    31    21
  381    56    46
  382    24    14
  383    64    54
  384    31    21
  385    54    44
  386    85    75
  387    58    48
  388    68    58
  389    47    37
  390    52    42
  391    15     5
  392    89    79
  393    29    19
  394    28    18
  395   103    93
  396    64    54
  397    12     2
  398    66    56
  399    71    61
  400    12     2
  401   104    94
  402    88    78
  403    62    52
  404    29    19
  405   108    98
  406    88    78
  407    56    46
  408    78    68
  409   100    90
  410    74    64
  411    26    16
  412    56    46
  413    94    84
  414    39    29
  415    83    73
  416   103    93
  417    81    71
  418    26    16
  419   103    93
  420    63    53
  421    86    76
  422    13     3
  423    69    59
  424   105    95
  425    20    10
  426    65    55
  427    82    72
  428    61    51
  429    59    49
  430    31    21
  431    53    43
  432    14     4
  433    46    36
  434    39    29
  435    85    75
  436    45    35
  437    95    85
  438    43    33
  439    28    18
  440   107    97
  441    15     5
  442    85    75
  443    26    16
  444    18     8
  445    31    21
  446    91    81
  447    29    19
  448   108    98
  449    93    83
  450   100    90
  451    45    35
  452    71    61
  453    21    11
  454    12     2
  455    35    25
  456   105    95
  457    77    67
  458    16     6
  459    80    70
  460    96    86
  461    47    37
  462    48    38
  463    64    54
  464    15     5
  465    86    76
  466    62    52
  467    60    50
  468    55    45
  469    43    33
  470    35    25
  471    97    87
  472    48    38
  473    79    69
  474    30    20
  475    75    65
  476    16     6
  477    42    32
  478    73    63
  479    26    16
  480    26    16
  481    91    81
  482    57    47
  483    45    35
  484    85    75
  485    55    45
  486    86    76
  487   101    91
  488    16     6
  489    64    54
  490    99    89
  491    76    66
  492    42    32
  493    75    65
  494    84    74
  495   103    93
  496    79    69
  497    46    36
  498    69    59
  499    42    32
  500   101    91
20948
