500
    1    44    35
    2     6    26
    3    16    48
    4    42    21
    5    49    22
    6    37    45
    7     7    43
    8    15    45
    9    46     5
   10    22     2
   11    41     9
   12     9     1
   13    17    22
   14    48    44
   15     7    38
   16    44    24
   17    34    15
   18    16    32
   19    44    17
   20    43    34
   21    33    49
   22    31    33
   23    28    32
   24    50    22
   25    17    24
   26    24    38
   27    20     6
   28    19    45
   29    44    45
   30    46    29
   31    47    49
   32    16    27
   33     8    47
   34    39    19
   35     7    42
   36    19     7
   37    37    22
   38    31    20
   39    26    48
   40    37    50
   41    22    45
   42    13    17
   43    31    22
   44    43    45
   45     8    13
   46     3    48
   47    14    37
   48    36    23
   49    24    29
   50    39    24
   51    29    40
   52    42     4
   53    39    17
   54    41    46
   55    46    10
   56    44     3
   57    16    41
   58    24    24
   59     8    30
   60    11    38
   61    50    40
   62    14    40
   63    39    49
   64     1    46
   65    16    15
   66    39    28
   67    33    20
   68    25    36
   69    44    22
   70    49     1
   71    13    23
   72    29    31
   73    11     8
   74    15    35
   75    36     3
   76    36    42
   77    36    42
   78    39    25
   79    24    36
   80    41    12
   81    41     9
   82    40    13
   83    31    38
   84    14    29
   85    17    37
   86    22    19
   87    18    11
   88    19    46
   89     6    42
   90    32    11
   91     6    14
   92     1    36
   93    35    30
   94     2    49
   95    50    44
   96    44    49
   97    37    41
   98    24    30
   99    42    48
  100    24    40
  101    10    25
  102    47    26
  103    10    22
  104    49    16
  105    19     1
  106    13    48
  107     8    35
  108     4     6
  109    18    14
  110    28    33
  111    37    50
  112    46    21
  113     3     7
  114    21    23
  115    12    11
  116    47    16
  117    41     9
  118    29    45
  119    26    43
  120    47    12
  121    19    35
  122    20    10
  123    34    31
  124    23    34
  125    45     3
  126    18    10
  127    22    49
  128     8    41
  129    33    22
  130     8    27
  131    20     9
  132    33     7
  133    48     8
  134    30    20
  135    19    30
  136     3     8
  137    20    11
  138     9    50
  139    37    39
  140    25    22
  141    30    35
  142     4    20
  143    41    39
  144    29    19
  145    26    43
  146    12    22
  147    39    28
  148    43    11
  149    16    38
  150    38    48
  151    10    47
  152     6    16
  153     9    41
  154    31    38
  155     4    45
  156    20    26
  157     3    46
  158    25    49
  159    31     5
  160    15    43
  161    38    37
  162     9    40
  163    18    14
  164    33    15
  165    32    35
  166     7    14
  167    41    10
  168    26    43
  169    46    13
  170    27     9
  171     8    10
  172    36    11
  173    34    12
  174     8     9
  175    29    10
  176    40    18
  177    35    48
  178    24    15
  179    26    26
  180    12    41
  181    39    39
  182    21    44
  183    25     6
  184    17    40
  185     1    28
  186    43    21
  187    49    32
  188     2    49
  189     9    37
  190    17    37
  191     6    22
  192    33    22
  193    17    48
  194    16     6
  195    30    11
  196    25    35
  197    30    25
  198    12    23
  199    16    14
  200    16    43
  201    48    32
  202    41     2
  203    14    40
  204     4    26
  205    26    12
  206    22     2
  207    31     4
  208    43    11
  209    50    23
  210    27     3
  211    17    50
  212     5    27
  213    13    20
  214    13     2
  215    41     3
  216    48    31
  217     9    10
  218    45    25
  219    31    19
  220    25    18
  221    33    27
  222    38    12
  223    23    41
  224    16     5
  225    20     7
  226    15     5
  227    10    17
  228    11    29
  229    22    35
  230    38    46
  231    14     7
  232    43    24
  233     6    22
  234     7    40
  235    39    25
  236     2     1
  237    42    41
  238    10    27
  239     7    30
  240    32    32
  241    37     3
  242    43    43
  243    14    15
  244    36    33
  245    37    14
  246     2    16
  247    22    13
  248    13    37
  249     1     6
  250    27    34
  251    42    40
  252    21    50
  253    30     6
  254    38    37
  255    10     5
  256    29    34
  257    27    48
  258    48    10
  259    30     9
  260    32    40
  261    39    11
  262    36    29
  263    41    10
  264    15    38
  265    10     9
  266     2     7
  267     3    50
  268     6    13
  269    23    20
  270     3    33
  271     9    23
  272    32    27
  273     8    47
  274    38    40
  275    31    27
  276    33    10
  277     8    40
  278    34     8
  279    11    40
  280    50    40
  281    39     6
  282    43     2
  283    45     1
  284    45    14
  285    10    10
  286    14    36
  287    50    43
  288    12    50
  289    13    44
  290     4     6
  291     8    36
  292    19    15
  293    25    36
  294    19    23
  295    47    34
  296    44    18
  297     4    40
  298     2    12
  299    11    37
  300    45     9
  301    47    46
  302    19    10
  303    50     7
  304    47    45
  305    43    21
  306    45    41
  307    36    21
  308    42    37
  309    16     1
  310    31    15
  311    24    27
  312     3    12
  313    26    24
  314    13     9
  315    30    43
  316    41    36
  317    33     6
  318    36    29
  319     9    16
  320    25    30
  321    22    46
  322    45     8
  323    47    19
  324     4    12
  325    42    11
  326    28    35
  327    19    17
  328     3    26
  329    45     5
  330    35    18
  331    29     3
  332    21    47
  333    30    46
  334    42    46
  335    28    15
  336    41    15
  337    27    12
  338    30    30
  339    42     8
  340     5    15
  341    31    41
  342    14    14
  343     9    15
  344    17     6
  345    20    22
  346    13    36
  347     7    43
  348    11    19
  349     8    35
  350    30     1
  351    35    22
  352    41    44
  353    13    10
  354    41    10
  355    40    50
  356    50    46
  357     9    29
  358    31     9
  359     3    20
  360    16    26
  361     7     9
  362    32    48
  363     9    24
  364    32    48
  365    25    49
  366    42    35
  367    33    46
  368     3    40
  369    38    47
  370    39    16
  371    24    37
  372    31    47
  373    28    43
  374    33    44
  375    30    38
  376     2    17
  377     7    30
  378     8     5
  379    20    15
  380     4    26
  381    47    14
  382     9    49
  383    46    26
  384    14    21
  385     7     1
  386    10    21
  387    30    13
  388    38    38
  389    36    29
  390     3    40
  391    32    38
  392    29    13
  393    30    20
  394     9    50
  395    37    22
  396    23     5
  397    38    27
  398    45     3
  399    42    50
  400     3    27
  401    18    18
  402    34    47
  403    31    15
  404    46    13
  405    39    24
  406    40     2
  407    37    49
  408    47    30
  409    27    26
  410    12    16
  411    19    12
  412     5    29
  413    48    10
  414    39    36
  415    48    35
  416    48    16
  417    49     2
  418    22    44
  419    47     8
  420    20    21
  421    25    47
  422    42    44
  423    14    33
  424    37    11
  425    45    14
  426    44    31
  427    32     8
  428    32    15
  429    19    46
  430    26    49
  431    46     2
  432    41     9
  433    24    35
  434    25    14
  435    27    44
  436     4     6
  437     8     9
  438    37    37
  439    26    47
  440    12     8
  441    44     7
  442     3    12
  443     1    15
  444    14     7
  445    37     7
  446     2    17
  447    14    48
  448    41    18
  449    37    50
  450    26    38
  451    36     2
  452    28    17
  453    44    40
  454    35    49
  455    42     8
  456    24    26
  457    34    48
  458    29    42
  459    18    43
  460    17    13
  461     2    13
  462    42    33
  463    35    29
  464    26    16
  465    30    28
  466    33     9
  467    29    18
  468     2    45
  469    17    46
  470     6    21
  471    40    22
  472    20    14
  473    31    44
  474    45     5
  475    48    15
  476     1    29
  477     2    14
  478    30     4
  479    18    20
  480    29    38
  481    11     7
  482    22    18
  483    17    21
  484     9    19
  485    47    21
  486    46    25
  487     9    16
  488    14    12
  489     1    35
  490    28    38
  491     3    46
  492    20    31
  493     3    18
  494    16    45
  495    31     2
  496    33    46
  497    10    13
  498    28    38
  499    23    34
  500    12    38
2147
