500
    1    95    85
    2   104    94
    3    36    26
    4    16     6
    5    58    48
    6    26    16
    7    31    21
    8   102    92
    9    32    22
   10    59    49
   11   105    95
   12    47    37
   13    53    43
   14    67    57
   15    55    45
   16    25    15
   17    65    55
   18    56    46
   19    62    52
   20    32    22
   21    19     9
   22   101    91
   23    11     1
   24    69    59
   25    32    22
   26    77    67
   27   104    94
   28   108    98
   29    48    38
   30    17     7
   31    84    74
   32    54    44
   33    25    15
   34    44    34
   35    92    82
   36    76    66
   37    77    67
   38   104    94
   39    94    84
   40   103    93
   41   109    99
   42    43    33
   43    43    33
   44    41    31
   45    92    82
   46    38    28
   47    82    72
   48   110   100
   49    84    74
   50    27    17
   51    48    38
   52    84    74
   53    66    56
   54    30    20
   55    55    45
   56    29    19
   57   105    95
   58   104    94
   59    39    29
   60   106    96
   61   109    99
   62   107    97
   63    87    77
   64    26    16
   65   107    97
   66    18     8
   67    29    19
   68    49    39
   69    52    42
   70    17     7
   71    17     7
   72    79    69
   73    32    22
   74    47    37
   75    80    70
   76    41    31
   77   108    98
   78    36    26
   79   110   100
   80    97    87
   81    55    45
   82    82    72
   83    77    67
   84    23    13
   85    82    72
   86    91    81
   87   105    95
   88    53    43
   89    23    13
   90    68    58
   91    58    48
   92    13     3
   93    97    87
   94    74    64
   95    33    23
   96    46    36
   97    39    29
   98    34    24
   99    84    74
  100    99    89
  101    50    40
  102    89    79
  103    64    54
  104    52    42
  105    77    67
  106    49    39
  107    56    46
  108    51    41
  109    20    10
  110   106    96
  111    63    53
  112   104    94
  113   101    91
  114    76    66
  115    34    24
  116    34    24
  117    40    30
  118    18     8
  119    98    88
  120    21    11
  121   100    90
  122   110   100
  123    50    40
  124    24    14
  125    59    49
  126    99    89
  127   106    96
  128    11     1
  129    75    65
  130    76    66
  131    88    78
  132    99    89
  133    80    70
  134    43    33
  135    46    36
  136    35    25
  137    32    22
  138    54    44
  139    61    51
  140    59    49
  141    33    23
  142    23    13
  143    41    31
  144    89    79
  145    18     8
  146    71    61
  147    95    85
  148    75    65
  149    63    53
  150    96    86
  151    52    42
  152    96    86
  153   102    92
  154    96    86
  155    35    25
  156    99    89
  157    96    86
  158    34    24
  159    22    12
  160   101    91
  161    69    59
  162   101    91
  163    73    63
  164   100    90
  165    98    88
  166    91    81
  167    89    79
  168    24    14
  169    97    87
  170    27    17
  171    29    19
  172    82    72
  173    71    61
  174    28    18
  175    56    46
  176    29    19
  177   102    92
  178    66    56
  179    71    61
  180    92    82
  181    24    14
  182    16     6
  183    96    86
  184    11     1
  185    40    30
  186    95    85
  187    59    49
  188    62    52
  189   104    94
  190   110   100
  191   109    99
  192   104    94
  193   101    91
  194    47    37
  195    40    30
  196    34    24
  197   108    98
  198   102    92
  199   100    90
  200    34    24
  201    85    75
  202    70    60
  203    36    26
  204   107    97
  205    82    72
  206    20    10
  207    76    66
  208    59    49
  209    61    51
  210    29    19
  211    58    48
  212    73    63
  213    95    85
  214    68    58
  215    66    56
  216    14     4
  217    74    64
  218    28    18
  219    93    83
  220    38    28
  221   110   100
  222    47    37
  223    31    21
  224    56    46
  225    17     7
  226    63    53
  227    33    23
  228    81    71
  229    21    11
  230    72    62
  231    26    16
  232   107    97
  233    19     9
  234   101    91
  235   105    95
  236    39    29
  237    53    43
  238    36    26
  239    72    62
  240    57    47
  241    95    85
  242    79    69
  243    20    10
  244    80    70
  245    91    81
  246    44    34
  247    94    84
  248    33    23
  249    13     3
  250   105    95
  251    70    60
  252    78    68
  253    59    49
  254    82    72
  255    51    41
  256    68    58
  257    82    72
  258    93    83
  259    87    77
  260    18     8
  261    69    59
  262    80    70
  263    17     7
  264    93    83
  265    18     8
  266    58    48
  267    80    70
  268    40    30
  269    40    30
  270    79    69
  271    18     8
  272    13     3
  273    21    11
  274    30    20
  275   110   100
  276    19     9
  277    49    39
  278    97    87
  279    32    22
  280    35    25
  281    95    85
  282    40    30
  283    80    70
  284    14     4
  285    99    89
  286    51    41
  287    79    69
  288    89    79
  289    53    43
  290    86    76
  291    82    72
  292    72    62
  293    38    28
  294    99    89
  295    71    61
  296    53    43
  297    48    38
  298    26    16
  299    58    48
  300    48    38
  301    57    47
  302    70    60
  303    76    66
  304    16     6
  305   101    91
  306    69    59
  307    48    38
  308    41    31
  309   105    95
  310    14     4
  311    36    26
  312    30    20
  313   106    96
  314    63    53
  315    59    49
  316    35    25
  317    65    55
  318    41    31
  319    53    43
  320    75    65
  321    97    87
  322    48    38
  323    50    40
  324    19     9
  325    74    64
  326    28    18
  327    25    15
  328    43    33
  329    45    35
  330    42    32
  331    74    64
  332    67    57
  333    70    60
  334   101    91
  335   103    93
  336    86    76
  337    73    63
  338    56    46
  339    69    59
  340    87    77
  341    70    60
  342    68    58
  343    21    11
  344    96    86
  345    72    62
  346    44    34
  347    69    59
  348    68    58
  349    70    60
  350    89    79
  351    78    68
  352    50    40
  353    58    48
  354    45    35
  355    25    15
  356    84    74
  357    86    76
  358    36    26
  359    51    41
  360    22    12
  361    99    89
  362    49    39
  363   104    94
  364    31    21
  365    16     6
  366    35    25
  367   100    90
  368    27    17
  369    88    78
  370    11     1
  371    81    71
  372   103    93
  373    42    32
  374    59    49
  375   109    99
  376    62    52
  377    47    37
  378    69    59
  379    97    87
  380    77    67
  381    82    72
  382    66    56
  383    82    72
  384    93    83
  385   108    98
  386    27    17
  387    16     6
  388    26    16
  389    21    11
  390    90    80
  391    45    35
  392    35    25
  393    35    25
  394    90    80
  395    33    23
  396    22    12
  397    74    64
  398    76    66
  399    53    43
  400    26    16
  401    42    32
  402    58    48
  403    12     2
  404    51    41
  405    50    40
  406    74    64
  407    86    76
  408    64    54
  409    22    12
  410    36    26
  411    12     2
  412    82    72
  413    64    54
  414    41    31
  415    21    11
  416    53    43
  417    83    73
  418    60    50
  419    13     3
  420    37    27
  421    60    50
  422    27    17
  423    87    77
  424    15     5
  425    30    20
  426    23    13
  427    12     2
  428    23    13
  429    13     3
  430   101    91
  431    91    81
  432   108    98
  433    20    10
  434    69    59
  435    35    25
  436    55    45
  437    29    19
  438    41    31
  439    78    68
  440    85    75
  441    37    27
  442    43    33
  443    72    62
  444    48    38
  445   101    91
  446    33    23
  447    15     5
  448    26    16
  449    67    57
  450    30    20
  451    15     5
  452    25    15
  453    27    17
  454    70    60
  455    89    79
  456    71    61
  457    95    85
  458    82    72
  459   106    96
  460    98    88
  461    17     7
  462    74    64
  463    34    24
  464    53    43
  465    32    22
  466    16     6
  467    50    40
  468    17     7
  469    85    75
  470    49    39
  471    11     1
  472    62    52
  473   101    91
  474    52    42
  475    37    27
  476    70    60
  477    40    30
  478    67    57
  479    92    82
  480    92    82
  481    13     3
  482    47    37
  483   103    93
  484   103    93
  485    25    15
  486    24    14
  487    43    33
  488    46    36
  489    74    64
  490    97    87
  491    26    16
  492    12     2
  493    73    63
  494    82    72
  495    97    87
  496    73    63
  497    16     6
  498    11     1
  499    44    34
  500    87    77
4201
