500
    1    47    74
    2    83    71
    3    25    61
    4     9    58
    5    14    35
    6    98    92
    7    34    60
    8     4    70
    9    95    84
   10    43    89
   11   100     6
   12    32    66
   13    12    19
   14    35    39
   15    36    83
   16     9    27
   17    35    96
   18    99    11
   19    27    28
   20    66    33
   21    54    76
   22    80    54
   23    77    79
   24    29    89
   25    70     7
   26     3    27
   27    57    33
   28    20    26
   29    23    24
   30    77    62
   31    90    96
   32    25    70
   33    89    82
   34    56    16
   35    80    95
   36    54    60
   37    46    23
   38    44    35
   39    51    23
   40    76    17
   41    17    58
   42    18    88
   43     2    89
   44    64    20
   45    39    98
   46    96    45
   47     9    76
   48    17    76
   49     9    38
   50    30    63
   51    44    25
   52    83    51
   53    64    12
   54    18    35
   55    69    99
   56    95    22
   57    87    76
   58    61    89
   59    65    67
   60    12    73
   61    97    27
   62    95    33
   63    94    62
   64    42    61
   65    79    94
   66    70    55
   67    90    59
   68    66    41
   69    61    19
   70    26    40
   71    22    20
   72    80    72
   73     2     5
   74    90    22
   75    27    78
   76     3    71
   77    19    37
   78    94    30
   79    17    39
   80    44     1
   81    64    72
   82    99    80
   83    78    61
   84    47    64
   85    66    64
   86    29     8
   87    39     6
   88    48    35
   89    65    69
   90    59    90
   91    87    79
   92     2    91
   93    86    71
   94    41    94
   95    45    59
   96    79    68
   97    66    44
   98    37    75
   99    89    79
  100     5    67
  101    41    16
  102    58    71
  103    43    77
  104    34    63
  105    60    84
  106    20    69
  107    39    46
  108    97    53
  109    35     5
  110    33    44
  111    30    89
  112    15     6
  113    50    80
  114     4    48
  115    79    96
  116    46    69
  117    28    78
  118    26    36
  119    67    80
  120    72    95
  121    82    94
  122    95    75
  123    47    82
  124     4    93
  125   100     4
  126    53    89
  127    57    98
  128    87    78
  129    88    57
  130    69    34
  131    99   100
  132    92    72
  133    89    37
  134    51    19
  135    10    55
  136    12    97
  137    21    88
  138    22    53
  139    36    44
  140    94    11
  141    79    30
  142    25    31
  143    58    34
  144    92    86
  145     9    64
  146    15    89
  147    98    61
  148    32    54
  149    97    99
  150    91    13
  151    93    88
  152     7    15
  153   100    80
  154    80    91
  155    21    24
  156    81    83
  157    82    85
  158    30    46
  159    28    20
  160    78    36
  161     7    44
  162    74    61
  163    55    97
  164    58    68
  165    73    84
  166    22    85
  167    68    89
  168    57    62
  169    71    96
  170    46    76
  171    63    61
  172    11    32
  173    27    83
  174    95    64
  175    16    81
  176    17    85
  177    44    85
  178    39    72
  179    31     9
  180    17    34
  181    60    86
  182     6    75
  183    66    83
  184    42    79
  185    50    51
  186    58   100
  187    50    17
  188    25    16
  189    48     6
  190    44    24
  191     9    85
  192    52    89
  193    22    47
  194    37     3
  195    85    24
  196     2    20
  197    49    22
  198    57     8
  199    11     9
  200    33    76
  201    13    89
  202    30     3
  203    21    69
  204    35    37
  205    95     1
  206     9    83
  207     4    19
  208    44    68
  209    59    22
  210    40    48
  211    10    39
  212    50    18
  213    10    41
  214     6    11
  215    56    76
  216    51    86
  217    44    23
  218    90    50
  219    56    76
  220    12    17
  221    30    40
  222    23    15
  223    52    80
  224    57    38
  225     5    46
  226    88    46
  227    81    14
  228    78    76
  229    89     2
  230    61    57
  231     1    48
  232    24    13
  233    79    75
  234   100    69
  235    56     4
  236    69    70
  237    31     4
  238    57    20
  239    10    55
  240    99    99
  241    42    92
  242    34    38
  243    71    80
  244    45    62
  245    88    33
  246    43    41
  247    73    64
  248    16    40
  249     6    71
  250    34    59
  251    93    73
  252    98    73
  253     1    43
  254    95    20
  255    53     2
  256    42    51
  257    68     7
  258    13    23
  259    95    54
  260    29    23
  261    66     6
  262    91    48
  263    44    53
  264    46    77
  265    65    86
  266     7   100
  267    98    85
  268    15    22
  269    44    35
  270     6    66
  271    54    26
  272     1    50
  273    85    82
  274    33    57
  275    10   100
  276    84     5
  277    31    29
  278    65    53
  279     8    75
  280    35    71
  281   100    43
  282    12    61
  283    28    94
  284    68    13
  285    87    19
  286    45    15
  287    17    22
  288    37    99
  289    64    83
  290    95    25
  291    83    53
  292    32    42
  293    10    67
  294    62     4
  295    86    61
  296    79     1
  297    67    73
  298    39    85
  299    10    72
  300    24    58
  301    28     7
  302    56     5
  303    73   100
  304    86    96
  305   100    90
  306    62     2
  307    83    46
  308    13    64
  309    73    78
  310     4    54
  311    21    24
  312    66    49
  313    87     5
  314    66    24
  315    17    72
  316    88    81
  317    18    51
  318    19    12
  319    86     5
  320    40    87
  321    67     5
  322    90    77
  323    34    46
  324    73    33
  325    83    24
  326    77     2
  327    62    32
  328    56    97
  329    46    32
  330    48    19
  331    20    18
  332    24    50
  333    17    63
  334    19    23
  335    85    12
  336    10    46
  337    96    81
  338    83    25
  339    39    91
  340    70    82
  341    72     8
  342    81    45
  343    12    80
  344    16    39
  345    73    23
  346    86    61
  347    76    18
  348    40    40
  349    61   100
  350    75    42
  351    78    47
  352    10    59
  353    62     7
  354    14    31
  355    23    83
  356    13    51
  357    88    66
  358    58    54
  359    64    49
  360    15    85
  361    32    24
  362    31     7
  363    40    35
  364    39    29
  365    74    52
  366    51    58
  367     4    59
  368    46    75
  369    35    14
  370    82    85
  371    85    42
  372    18    52
  373    47    50
  374    62    85
  375    37    47
  376     9    80
  377    48    37
  378    63    24
  379    13    82
  380    91    23
  381   100    97
  382    60    50
  383    83    59
  384    91    18
  385    98    38
  386    75     6
  387    29    14
  388    37     5
  389    25    20
  390    88    27
  391    73    85
  392    66    60
  393    15    21
  394    26    85
  395    62    83
  396    42     8
  397    79    62
  398     4    86
  399    81    89
  400     8    20
  401    31    63
  402    21    92
  403     4    20
  404    81    42
  405    66    61
  406    49    91
  407   100    56
  408    50    65
  409    62    25
  410    77    97
  411    80     5
  412    60    10
  413    99    79
  414    70    95
  415    31    50
  416    23     5
  417    50     9
  418    41    59
  419    14    43
  420    95    70
  421    94    20
  422    67    13
  423    95    72
  424    64    98
  425    30     3
  426    27    88
  427    67    57
  428    43    46
  429    92    25
  430    91    96
  431    75    77
  432    30    92
  433    75    12
  434    50    47
  435    94    85
  436    67    83
  437    69    12
  438    52    30
  439    37    72
  440     5     1
  441    25    92
  442    72    11
  443    42    54
  444    17   100
  445    46    98
  446    21    22
  447    65    67
  448    94    27
  449    94    85
  450    53    61
  451    61     7
  452    69     4
  453    47    11
  454    96     2
  455    19    89
  456    57     5
  457    13    85
  458   100     5
  459    89    54
  460    24    44
  461    65    20
  462    95    96
  463    52   100
  464     7    45
  465    15    27
  466    84    96
  467    62    97
  468    69    84
  469    24    41
  470    61    48
  471    45    67
  472    63    61
  473    68    65
  474    36    54
  475    85     6
  476     6    74
  477    49    29
  478    73    43
  479    81    63
  480    24    77
  481     2    14
  482    57    81
  483    74    34
  484     6    92
  485    84   100
  486    41    44
  487    86    13
  488    85    91
  489    72    32
  490    23    71
  491    98    81
  492     7    46
  493    30     3
  494    75    74
  495     4    25
  496     6    57
  497     7    98
  498    91     7
  499    28    63
  500    13    45
13048
