500
    1    94    85
    2     6    26
    3    16    48
    4    92    21
    5    49    22
    6    37    95
    7    57    43
    8    15    45
    9    46    55
   10    22    52
   11    91     9
   12    59     1
   13    67    22
   14    98    94
   15     7    38
   16    44    74
   17    34    15
   18    66    82
   19    94    67
   20    93    84
   21    33    99
   22    31    33
   23    28    82
   24   100    72
   25    17    74
   26    74    38
   27    20    56
   28    19    45
   29    94    95
   30    96    29
   31    97    99
   32    16    77
   33     8    97
   34    39    19
   35     7    42
   36    69     7
   37    37    22
   38    31    70
   39    26    98
   40    87   100
   41    72    45
   42    13    67
   43    81    72
   44    43    95
   45    58    13
   46     3    48
   47    64    87
   48    36    23
   49    24    29
   50    89    74
   51    79    40
   52    42    54
   53    39    67
   54    41    46
   55    96    10
   56    94    53
   57    66    91
   58    24    24
   59     8    30
   60    11    88
   61   100    90
   62    14    40
   63    89    49
   64     1    96
   65    66    65
   66    89    78
   67    33    70
   68    25    36
   69    44    22
   70    49    51
   71    13    23
   72    79    31
   73    61     8
   74    65    85
   75    86    53
   76    86    42
   77    86    92
   78    89    25
   79    24    86
   80    91    12
   81    91    59
   82    90    63
   83    81    88
   84    14    79
   85    17    87
   86    72    19
   87    18    61
   88    19    46
   89    56    92
   90    82    61
   91     6    14
   92     1    86
   93    85    30
   94    52    49
   95   100    94
   96    94    99
   97    37    91
   98    24    30
   99    92    98
  100    24    90
  101    60    75
  102    97    26
  103    10    72
  104    49    66
  105    19    51
  106    63    48
  107    58    85
  108     4    56
  109    18    64
  110    28    83
  111    37   100
  112    46    21
  113    53     7
  114    71    23
  115    62    11
  116    97    16
  117    91     9
  118    29    95
  119    26    43
  120    47    62
  121    69    85
  122    70    10
  123    34    81
  124    23    84
  125    95     3
  126    68    60
  127    72    49
  128    58    41
  129    83    72
  130     8    77
  131    70    59
  132    83     7
  133    48     8
  134    30    70
  135    69    30
  136     3     8
  137    20    11
  138     9   100
  139    87    39
  140    25    22
  141    30    85
  142     4    70
  143    41    89
  144    79    69
  145    76    43
  146    62    72
  147    89    28
  148    43    61
  149    16    38
  150    38    48
  151    60    47
  152     6    66
  153    59    91
  154    31    38
  155     4    95
  156    20    26
  157    53    96
  158    25    49
  159    31    55
  160    65    43
  161    38    87
  162     9    40
  163    18    64
  164    33    15
  165    32    35
  166    57    64
  167    91    60
  168    76    93
  169    46    63
  170    77    59
  171    58    60
  172    86    11
  173    34    62
  174    58    59
  175    79    60
  176    40    68
  177    35    48
  178    74    15
  179    26    76
  180    12    41
  181    39    89
  182    21    94
  183    25     6
  184    17    90
  185     1    78
  186    93    71
  187    49    32
  188    52    99
  189    59    37
  190    67    87
  191    56    72
  192    83    72
  193    17    98
  194    16     6
  195    80    11
  196    25    35
  197    80    25
  198    12    23
  199    66    64
  200    16    43
  201    48    32
  202    41     2
  203    64    40
  204    54    76
  205    26    12
  206    72     2
  207    31    54
  208    43    11
  209    50    73
  210    27     3
  211    17    50
  212     5    77
  213    13    20
  214    13     2
  215    91     3
  216    98    81
  217    59    10
  218    45    25
  219    31    19
  220    75    68
  221    33    27
  222    38    62
  223    23    91
  224    16     5
  225    20    57
  226    15     5
  227    60    17
  228    61    79
  229    72    85
  230    88    96
  231    64     7
  232    43    24
  233     6    22
  234     7    40
  235    39    75
  236    52     1
  237    42    91
  238    60    27
  239    57    30
  240    82    82
  241    37     3
  242    93    93
  243    14    15
  244    36    33
  245    87    64
  246     2    16
  247    72    63
  248    63    87
  249     1     6
  250    77    34
  251    92    40
  252    21   100
  253    80     6
  254    38    87
  255    60     5
  256    29    34
  257    27    98
  258    48    10
  259    30     9
  260    32    90
  261    89    61
  262    86    79
  263    91    60
  264    65    88
  265    60     9
  266     2     7
  267    53   100
  268     6    13
  269    23    70
  270    53    33
  271     9    73
  272    32    77
  273     8    97
  274    88    40
  275    81    27
  276    83    60
  277    58    40
  278    84     8
  279    11    90
  280    50    90
  281    39     6
  282    43    52
  283    95     1
  284    95    64
  285    10    10
  286    64    86
  287   100    93
  288    12    50
  289    63    94
  290    54    56
  291    58    36
  292    19    65
  293    25    86
  294    69    23
  295    97    84
  296    94    68
  297    54    40
  298     2    12
  299    61    87
  300    95     9
  301    47    46
  302    19    60
  303   100     7
  304    97    95
  305    43    21
  306    45    41
  307    86    21
  308    92    87
  309    16     1
  310    31    65
  311    24    27
  312    53    12
  313    26    24
  314    13    59
  315    80    43
  316    91    36
  317    33     6
  318    86    79
  319     9    16
  320    75    30
  321    22    96
  322    45     8
  323    97    69
  324     4    12
  325    42    11
  326    28    85
  327    69    67
  328     3    76
  329    45    55
  330    35    18
  331    79    53
  332    71    97
  333    80    46
  334    42    46
  335    28    15
  336    41    65
  337    27    12
  338    30    80
  339    42    58
  340     5    65
  341    31    91
  342    64    64
  343    59    15
  344    67     6
  345    20    22
  346    13    36
  347     7    93
  348    11    19
  349     8    35
  350    30     1
  351    85    22
  352    41    94
  353    13    10
  354    41    10
  355    90    50
  356   100    46
  357    59    29
  358    81     9
  359     3    20
  360    66    76
  361     7    59
  362    82    98
  363    59    74
  364    82    48
  365    25    99
  366    42    85
  367    83    46
  368    53    90
  369    38    97
  370    89    16
  371    24    37
  372    81    47
  373    78    93
  374    33    44
  375    80    38
  376    52    67
  377     7    80
  378    58    55
  379    20    65
  380    54    26
  381    47    64
  382    59    49
  383    46    26
  384    14    21
  385    57     1
  386    10    21
  387    80    13
  388    88    88
  389    36    79
  390     3    90
  391    32    88
  392    29    63
  393    30    20
  394     9   100
  395    37    22
  396    73    55
  397    38    77
  398    95    53
  399    92   100
  400     3    27
  401    18    18
  402    84    47
  403    31    15
  404    96    13
  405    89    24
  406    40     2
  407    87    99
  408    97    80
  409    77    76
  410    12    16
  411    19    12
  412    55    29
  413    98    10
  414    89    86
  415    98    85
  416    98    16
  417    49    52
  418    72    94
  419    97    58
  420    70    21
  421    25    47
  422    42    44
  423    14    83
  424    87    61
  425    45    14
  426    94    31
  427    82     8
  428    82    65
  429    19    96
  430    26    99
  431    46    52
  432    41    59
  433    74    35
  434    25    14
  435    77    44
  436    54     6
  437     8    59
  438    87    37
  439    76    47
  440    12     8
  441    44     7
  442     3    62
  443     1    65
  444    64     7
  445    37    57
  446    52    17
  447    64    98
  448    41    18
  449    37   100
  450    76    88
  451    36     2
  452    28    67
  453    94    90
  454    35    49
  455    42     8
  456    24    76
  457    84    48
  458    79    92
  459    68    93
  460    67    63
  461    52    63
  462    42    83
  463    35    79
  464    26    16
  465    30    78
  466    83    59
  467    29    68
  468    52    95
  469    67    96
  470    56    71
  471    40    22
  472    70    64
  473    31    44
  474    95     5
  475    48    65
  476     1    29
  477    52    64
  478    80    54
  479    68    70
  480    79    88
  481    61    57
  482    72    68
  483    17    21
  484     9    19
  485    47    71
  486    96    75
  487     9    16
  488    64    62
  489    51    35
  490    78    38
  491    53    96
  492    70    81
  493    53    18
  494    66    45
  495    31    52
  496    33    96
  497    10    13
  498    78    38
  499    23    34
  500    12    88
4272
