500
    1   262   274
    2   105    71
    3    66    61
    4   155   158
    5    62    35
    6   284   292
    7    57    60
    8   360   370
    9    49    84
   10   390   389
   11    39     6
   12   478   466
   13   432   419
   14   142   139
   15   392   383
   16    34    27
   17   436   396
   18   376   411
   19   119   128
   20   459   433
   21   201   176
   22   241   254
   23   282   279
   24    53    89
   25   457   407
   26   153   127
   27   405   433
   28   175   126
   29   150   124
   30   451   462
   31    58    96
   32   502   470
   33   371   382
   34    31    16
   35   411   395
   36   263   260
   37   376   423
   38    61    35
   39   195   223
   40     1    17
   41   278   258
   42   397   388
   43   512   489
   44    36    20
   45   418   398
   46   311   345
   47   416   376
   48   272   276
   49   436   438
   50   199   163
   51   320   325
   52   288   251
   53    91   112
   54   258   235
   55   113    99
   56   166   122
   57   318   276
   58   163   189
   59    26    67
   60   493   473
   61   353   327
   62   380   333
   63   130   162
   64   221   261
   65   357   394
   66   363   355
   67   362   359
   68   449   441
   69   170   219
   70   280   240
   71   342   320
   72   511   472
   73   293   305
   74     1    22
   75    88    78
   76   513   471
   77   252   237
   78   220   230
   79   231   239
   80   244   201
   81   376   372
   82    70    80
   83   477   461
   84   160   164
   85   266   264
   86   265   308
   87   334   306
   88   418   435
   89    36    69
   90   273   290
   91   500   479
   92    96    91
   93    49    71
   94   252   294
   95   484   459
   96   166   168
   97   357   344
   98   343   375
   99   408   379
  100   455   467
  101   178   216
  102   426   471
  103    53    77
  104   264   263
  105   205   184
  106   127   169
  107    88    46
  108   500   453
  109    11     5
  110   180   144
  111   419   389
  112    59   106
  113   259   280
  114   101   148
  115   501   496
  116   404   369
  117   473   478
  118   324   336
  119   190   180
  120   483   495
  121   293   294
  122   154   175
  123    61    82
  124    48    93
  125   198   204
  126   522   489
  127   123    98
  128   329   378
  129    93    57
  130   277   234
  131    68   100
  132   383   372
  133    98   137
  134   419   419
  135    33    55
  136   351   397
  137   532   488
  138   490   453
  139   363   344
  140   130   111
  141   470   430
  142   228   231
  143   475   434
  144   471   486
  145   204   164
  146   311   289
  147    93    61
  148   352   354
  149   306   299
  150   286   313
  151   113    88
  152   446   415
  153   250   280
  154   248   291
  155    51    24
  156    87    83
  157   100    85
  158   453   446
  159   197   220
  160   476   436
  161   464   444
  162   104    61
  163   428   397
  164   440   468
  165   107    84
  166   430   385
  167   386   389
  168    55    62
  169   159   196
  170   123    76
  171    63    61
  172   272   232
  173   449   483
  174   491   464
  175   232   281
  176   310   285
  177   374   385
  178    44    72
  179   369   409
  180     2    34
  181   496   486
  182    93    75
  183   414   383
  184    94    79
  185   463   451
  186   493   500
  187    57    17
  188     1    16
  189     1     6
  190   214   224
  191   119    85
  192   370   389
  193   166   147
  194   312   303
  195   375   424
  196    53    20
  197   190   222
  198   367   408
  199     7     9
  200   319   276
  201   336   289
  202   181   203
  203   271   269
  204    75    37
  205    63   101
  206   229   183
  207   465   419
  208   318   268
  209    39    22
  210   294   248
  211   189   139
  212   161   118
  213   327   341
  214   252   211
  215   404   376
  216   416   386
  217   412   423
  218   357   350
  219    90    76
  220   406   417
  221   345   340
  222    37    15
  223   263   280
  224   244   238
  225   242   246
  226   110   146
  227    81   114
  228   319   276
  229    12     2
  230   259   257
  231   397   348
  232   342   313
  233   512   475
  234   340   369
  235   331   304
  236   506   470
  237   252   204
  238   445   420
  239   219   255
  240    59    99
  241   375   392
  242   316   338
  243   354   380
  244   327   362
  245   426   433
  246   412   441
  247   308   264
  248   277   240
  249   262   271
  250   146   159
  251   141   173
  252   124   173
  253    34    43
  254   345   320
  255   105   102
  256   312   351
  257   426   407
  258   423   423
  259   343   354
  260    42    23
  261   358   406
  262   339   348
  263   152   153
  264   482   477
  265   342   386
  266   546   500
  267    51    85
  268   416   422
  269     1    35
  270   509   466
  271   466   426
  272   174   150
  273   343   382
  274   488   457
  275   112   100
  276   402   405
  277   168   129
  278   361   353
  279    35    75
  280   473   471
  281    92    43
  282   106    61
  283   389   394
  284    86   113
  285   246   219
  286   332   315
  287   157   122
  288   236   199
  289   101    83
  290   134   125
  291   481   453
  292   234   242
  293    82    67
  294   176   204
  295   134   161
  296   305   301
  297    44    73
  298    52    85
  299    93    72
  300   226   258
  301     1     7
  302   252   205
  303   213   200
  304   515   496
  305    97    90
  306     8     2
  307   193   146
  308   457   464
  309   362   378
  310   213   254
  311   373   324
  312    18    49
  313   247   205
  314   171   124
  315   381   372
  316   191   181
  317   113   151
  318   157   112
  319    18     5
  320   512   487
  321   435   405
  322   264   277
  323   296   346
  324   165   133
  325   311   324
  326   213   202
  327    33    32
  328   447   397
  329   275   232
  330   154   119
  331   347   318
  332   284   250
  333   358   363
  334   323   323
  335   292   312
  336   314   346
  337   201   181
  338    47    25
  339   330   291
  340    72    82
  341   357   308
  342   367   345
  343   396   380
  344    48    39
  345   354   323
  346   287   261
  347     1    18
  348    42    40
  349    90   100
  350    24    42
  351    12    47
  352   354   359
  353   417   407
  354   352   331
  355   206   183
  356   329   351
  357   334   366
  358   401   354
  359    36    49
  360   206   185
  361    62    24
  362   198   207
  363   121   135
  364   162   129
  365     7    52
  366   414   458
  367   194   159
  368   141   175
  369   404   414
  370   206   185
  371   287   242
  372   353   352
  373   304   350
  374   452   485
  375   167   147
  376   416   380
  377   290   337
  378   385   424
  379   176   182
  380   219   223
  381   370   397
  382   196   150
  383   247   259
  384    18    18
  385   265   238
  386   342   306
  387   161   114
  388   326   305
  389     1    20
  390   189   227
  391   120    85
  392   181   160
  393    94   121
  394   143   185
  395    72    83
  396   155   108
  397   392   362
  398   343   386
  399   313   289
  400   243   220
  401   281   263
  402   213   192
  403   456   420
  404   358   342
  405   476   461
  406   234   191
  407   458   456
  408   348   365
  409   459   425
  410   366   397
  411   255   205
  412   406   410
  413   213   179
  414   102    95
  415    46    50
  416   177   205
  417   291   309
  418   160   159
  419   435   443
  420   239   270
  421   258   220
  422   270   313
  423   261   272
  424   252   298
  425   174   203
  426   494   488
  427   293   257
  428   336   346
  429     9    25
  430   286   296
  431   218   177
  432   472   492
  433   418   412
  434   490   447
  435   427   385
  436    34    83
  437    13    12
  438   468   430
  439   390   372
  440   299   301
  441   324   292
  442   152   111
  443   350   354
  444   378   400
  445   393   398
  446   318   322
  447   149   167
  448    37    27
  449    48    85
  450    57    61
  451   185   207
  452   132   104
  453   388   411
  454   439   402
  455   240   289
  456   248   205
  457   402   385
  458   301   305
  459   469   454
  460   416   444
  461   121   120
  462   531   496
  463   104   100
  464   285   245
  465    53    27
  466   274   296
  467   207   197
  468    51    84
  469    16    41
  470   149   148
  471   154   167
  472   495   461
  473   168   165
  474   328   354
  475   349   306
  476   294   274
  477   182   229
  478   372   343
  479   511   463
  480   102    77
  481   161   114
  482   509   481
  483    23    34
  484   301   292
  485   188   200
  486   371   344
  487   219   213
  488   181   191
  489   168   132
  490   442   471
  491   314   281
  492   382   346
  493     1     3
  494   244   274
  495   286   325
  496   445   457
  497    98    98
  498   138   107
  499   499   463
  500   306   345
63448
