500
    1   299   345
    2   796   693
    3   429   467
    4    65   100
    5   623   141
    6   702   291
    7   999   670
    8   401   781
    9   196    46
   10   904    59
   11   204   357
   12   720   100
   13   408   493
   14   327   661
   15   148   206
   16   617   254
   17   611   310
   18    15   425
   19   320   258
   20   679   407
   21   791   614
   22   604   313
   23   801   901
   24   893   496
   25   246   350
   26    44   121
   27   973   795
   28   821   617
   29    63   439
   30    94   104
   31   386   795
   32   805   141
   33   505   525
   34   612   414
   35   241    45
   36   570   762
   37   150   749
   38   700   518
   39   564   637
   40   897   976
   41   713   416
   42   595   523
   43    39   247
   44   848   759
   45   304   416
   46   168   644
   47   658   395
   48   634   379
   49   978   216
   50   127   657
   51   100   792
   52    80   497
   53   224   934
   54   106     5
   55   953   970
   56   919   657
   57   224   994
   58   329   348
   59   869   309
   60   336   539
   61    45   798
   62   235   932
   63   271   145
   64   539   868
   65   512   909
   66   434   869
   67   766   902
   68   811   768
   69   770   717
   70   115   211
   71    78   919
   72   404   919
   73   470   703
   74   979   240
   75   700   617
   76   887   386
   77   435   860
   78   722   556
   79    13   290
   80   621   220
   81   376   527
   82   979    39
   83     3   972
   84   687   555
   85   814   655
   86   882   579
   87   423   329
   88   188   581
   89   993   507
   90   700   156
   91   127   462
   92   955    46
   93   287   166
   94   562   665
   95   465   865
   96   772   926
   97   478   218
   98   869   898
   99   638   493
  100   946   805
  101   882   862
  102   715   617
  103   936   755
  104   403   137
  105   156   226
  106    72   203
  107   955   976
  108   742   100
  109   619   328
  110   462   198
  111   503   884
  112   923   696
  113   199   242
  114   645   634
  115   787   262
  116    70   820
  117    72   912
  118   322   106
  119   811    98
  120    60    62
  121   939    25
  122   684    82
  123   603   933
  124   668   648
  125   253   854
  126   698   480
  127   874   173
  128   551   797
  129   965   876
  130   374    60
  131   664   147
  132   296   778
  133   861   376
  134    12   817
  135   431   170
  136   565   991
  137   922   826
  138   955   556
  139   660   223
  140   979    29
  141   327    76
  142   362   162
  143   543     8
  144   173   568
  145   325   674
  146   716   299
  147   326   503
  148   652   324
  149    38   306
  150   444   795
  151   934   782
  152   960   738
  153   973   651
  154   729   117
  155   754   139
  156   837   961
  157   647   927
  158   482   768
  159   825   403
  160   982   758
  161   244   570
  162   907   596
  163   723    63
  164   694    71
  165   894   234
  166   278   795
  167   708   756
  168   697   521
  169   535   287
  170   330   610
  171   864    36
  172   271   743
  173   823   218
  174   415    15
  175   108   592
  176    81    44
  177   300   103
  178   119   274
  179    83   599
  180   170   381
  181   144   236
  182   247   990
  183   462   221
  184   254   873
  185   974   938
  186   867   414
  187   250   559
  188    85   898
  189   541   641
  190   532   418
  191   662   715
  192   713   948
  193   523   245
  194   797     1
  195   537   930
  196   691   963
  197   810   221
  198   305   127
  199   560   256
  200   617   742
  201   221   392
  202   351   702
  203   525   784
  204    27   592
  205   803   920
  206   702   750
  207   616   401
  208   569   595
  209   363   472
  210   496   446
  211   506   357
  212   446   389
  213   582   800
  214   154   842
  215   589   863
  216   104   988
  217   960   629
  218   586    13
  219    45   330
  220   628   643
  221   879   923
  222   416   190
  223   617   950
  224   278   453
  225   898   965
  226   925   165
  227   441   212
  228    87   126
  229    98   808
  230   950   764
  231   545   118
  232   564   783
  233   691   302
  234   649   735
  235   741    42
  236   654   153
  237   300   686
  238   782   142
  239    11    70
  240    84   558
  241   394   462
  242   430   712
  243   499   762
  244    25   500
  245   289   467
  246    87    80
  247   249   539
  248   516   867
  249   458   429
  250   487   721
  251   217   988
  252   811   484
  253   485   638
  254   500   763
  255   874   748
  256   174   786
  257   289   785
  258   169   877
  259   980   476
  260   426   866
  261   102     4
  262    67   658
  263   321   200
  264   363   948
  265   218   248
  266   984    47
  267    47    27
  268   720   801
  269   904   494
  270   534   432
  271   227   253
  272   610    12
  273   825   825
  274   706    64
  275   175   638
  276   660   251
  277   543   400
  278   782   799
  279   204   618
  280   428   309
  281   981   162
  282   272   315
  283   920   940
  284   904   964
  285   152   297
  286     9   530
  287   377   636
  288    26   450
  289   864   202
  290   715   684
  291   448   563
  292   588   381
  293    79    57
  294   234   371
  295   231   900
  296   548   916
  297   376   439
  298   508   995
  299   410   291
  300   688    33
  301   145   837
  302    24   452
  303   809   295
  304   755   446
  305   353   224
  306   122   533
  307   908   984
  308   822   402
  309   778   541
  310   389   224
  311   493   899
  312   823    19
  313   391   419
  314   767   707
  315   585   387
  316   413   427
  317   358   150
  318   584   578
  319   551   623
  320    72   590
  321   263   383
  322   562   512
  323   478   385
  324   757   943
  325    52   830
  326   802   108
  327   459   339
  328   408   208
  329   998   171
  330   829   894
  331   416   977
  332   201   400
  333   885   398
  334   683   185
  335   790   211
  336   695   684
  337   432   692
  338   760    48
  339   211   281
  340   127   393
  341   592   866
  342   565   211
  343   636   239
  344   341   181
  345   850   249
  346   898   448
  347   860   857
  348   752    51
  349   537   306
  350   271    12
  351   450   757
  352   570   141
  353   735   257
  354   174   217
  355   239   325
  356   246   930
  357   100   332
  358   147   976
  359   445   964
  360   640    39
  361   445   907
  362   155   662
  363    80   342
  364   744   471
  365   174   503
  366   480   720
  367   240    66
  368   918   317
  369   408   348
  370   378   144
  371   613   945
  372   911   655
  373   555   953
  374   951   479
  375   617   677
  376   390   762
  377   244   516
  378   891   483
  379   233   117
  380   435   970
  381   376    64
  382   560  1000
  383   252   949
  384   103   192
  385   943   456
  386   407   872
  387   602   512
  388   637   115
  389   745   915
  390   605    21
  391   917   608
  392   859   258
  393   732   920
  394   535   451
  395    99   889
  396   350   886
  397   523    81
  398   685   577
  399   273   483
  400   161   642
  401   887    33
  402   914   814
  403   465    47
  404   774     4
  405   930   455
  406   377   109
  407   205   183
  408   650   731
  409   479   875
  410   257   587
  411   737   128
  412   813   376
  413   499   614
  414   786   974
  415   172   656
  416   511   423
  417   926   988
  418   926   541
  419   223   985
  420   732   645
  421     2   330
  422   432   772
  423   483   566
  424   376   841
  425   570   897
  426   119   718
  427   359   307
  428   148   437
  429   228   891
  430   923   595
  431   416    16
  432   622   435
  433   399   851
  434   239   338
  435   479   708
  436   148   722
  437   597    39
  438   285    77
  439   518    11
  440   825    72
  441   266   311
  442   332   833
  443   210    73
  444   142   471
  445   650   668
  446   805   149
  447   890   878
  448   618   882
  449   974     4
  450    65   448
  451   773   258
  452   866   798
  453   999   346
  454   676   404
  455   784   479
  456   649   595
  457   377   704
  458   285   911
  459   550   484
  460   176   411
  461   121   598
  462   947   679
  463    85   310
  464   671   359
  465   183   625
  466   537   491
  467   231   287
  468   201   655
  469   829    87
  470   290   686
  471   173   865
  472    84   584
  473   237   823
  474   981   205
  475   478   601
  476   558   196
  477   197   812
  478   169    13
  479   238   310
  480    97   248
  481   222   592
  482    74   464
  483   551   840
  484    31    79
  485   153   738
  486   314   102
  487   851   587
  488   469   481
  489   432   754
  490   720   238
  491   494   324
  492   524   328
  493   419   994
  494   732   212
  495   192    64
  496   643   863
  497    79   916
  498   648    18
  499   705   601
  500   638   347
166136
