500
    1    49    45
    2    46    43
    3    29    17
    4    15    50
    5    23    41
    6     2    41
    7    49    20
    8     1    31
    9    46    46
   10     4     9
   11     4     7
   12    20    50
   13     8    43
   14    27    11
   15    48     6
   16    17     4
   17    11    10
   18    15    25
   19    20     8
   20    29     7
   21    41    14
   22     4    13
   23     1     1
   24    43    46
   25    46    50
   26    44    21
   27    23    45
   28    21    17
   29    13    39
   30    44     4
   31    36    45
   32     5    41
   33     5    25
   34    12    14
   35    41    45
   36    20    12
   37    50    49
   38    50    18
   39    14    37
   40    47    26
   41    13    16
   42    45    23
   43    39    47
   44    48     9
   45     4    16
   46    18    44
   47     8    45
   48    34    29
   49    28    16
   50    27     7
   51    50    42
   52    30    47
   53    24    34
   54     6     5
   55     3    20
   56    19     7
   57    24    44
   58    29    48
   59    19     9
   60    36    39
   61    45    48
   62    35    32
   63    21    45
   64    39    18
   65    12     9
   66    34    19
   67    16     2
   68    11    18
   69    20    17
   70    15    11
   71    28    19
   72     4    19
   73    20     3
   74    29    40
   75    50    17
   76    37    36
   77    35    10
   78    22     6
   79    13    40
   80    21    20
   81    26    27
   82    29    39
   83     3    22
   84    37     5
   85    14     5
   86    32    29
   87    23    29
   88    38    31
   89    43     7
   90    50     6
   91    27    12
   92     5    46
   93    37    16
   94    12    15
   95    15    15
   96    22    26
   97    28    18
   98    19    48
   99    38    43
  100    46     5
  101    32    12
  102    15    17
  103    36     5
  104     3    37
  105     6    26
  106    22     3
  107     5    26
  108    42    50
  109    19    28
  110    12    48
  111     3    34
  112    23    46
  113    49    42
  114    45    34
  115    37    12
  116    20    20
  117    22    12
  118    22     6
  119    11    48
  120    10    12
  121    39    25
  122    34    32
  123     3    33
  124    18    48
  125     3     4
  126    48    30
  127    24    23
  128     1    47
  129    15    26
  130    24    10
  131    14    47
  132    46    28
  133    11    26
  134    12    17
  135    31    20
  136    15    41
  137    22    26
  138     5     6
  139    10    23
  140    29    29
  141    27    26
  142    12    12
  143    43     8
  144    23    18
  145    25    24
  146    16    49
  147    26     3
  148     2    24
  149    38     6
  150    44    45
  151    34    32
  152    10    38
  153    23     1
  154    29    17
  155     4    39
  156    37    11
  157    47    27
  158    32    18
  159    25     3
  160    32     8
  161    44    20
  162     7    46
  163    23    13
  164    44    21
  165    44    34
  166    28    45
  167     8     6
  168    47    21
  169    35    37
  170    30    10
  171    14    36
  172    21    43
  173    23    18
  174    15    15
  175     8    42
  176    31    44
  177    50     3
  178    19    24
  179    33    49
  180    20    31
  181    44    36
  182    47    40
  183    12    21
  184     4    23
  185    24    38
  186    17    14
  187    50     9
  188    35    48
  189    41    41
  190    32    18
  191    12    15
  192    13    48
  193    23    45
  194    47     1
  195    37    30
  196    41    13
  197    10    21
  198     5    27
  199    10     6
  200    17    42
  201    21    42
  202     1     2
  203    25    34
  204    27    42
  205     3    20
  206     2    50
  207    16     1
  208    19    45
  209    13    22
  210    46    46
  211     6     7
  212    46    39
  213    32    50
  214     4    42
  215    39    13
  216     4    38
  217    10    29
  218    36    13
  219    45    30
  220    28    43
  221    29    23
  222    16    40
  223    17    50
  224    28     3
  225    48    15
  226    25    15
  227    41    12
  228    37    26
  229    48     8
  230    50    14
  231    45    18
  232    14    33
  233    41     2
  234    49    35
  235    41    42
  236     4     3
  237    50    36
  238    32    42
  239    11    20
  240    34     8
  241    44    12
  242    30    12
  243    49    12
  244    25    50
  245    39    17
  246    37    30
  247    49    39
  248    16    17
  249     8    29
  250    37    21
  251    17    38
  252    11    34
  253    35    38
  254    50    13
  255    24    48
  256    24    36
  257    39    35
  258    19    27
  259    30    26
  260    26    16
  261     2     4
  262    17     8
  263    21    50
  264    13    48
  265    18    48
  266    34    47
  267    47    27
  268    20     1
  269     4    44
  270    34    32
  271    27     3
  272    10    12
  273    25    25
  274     6    14
  275    25    38
  276    10     1
  277    43    50
  278    32    49
  279     4    18
  280    28     9
  281    31    12
  282    22    15
  283    20    40
  284     4    14
  285     2    47
  286     9    30
  287    27    36
  288    26    50
  289    14     2
  290    15    34
  291    48    13
  292    38    31
  293    29     7
  294    34    21
  295    31    50
  296    48    16
  297    26    39
  298     8    45
  299    10    41
  300    38    33
  301    45    37
  302    24     2
  303     9    45
  304     5    46
  305     3    24
  306    22    33
  307     8    34
  308    22     2
  309    28    41
  310    39    24
  311    43    49
  312    23    19
  313    41    19
  314    17     7
  315    35    37
  316    13    27
  317     8    50
  318    34    28
  319     1    23
  320    22    40
  321    13    33
  322    12    12
  323    28    35
  324     7    43
  325     2    30
  326     2     8
  327     9    39
  328     8     8
  329    48    21
  330    29    44
  331    16    27
  332     1    50
  333    35    48
  334    33    35
  335    40    11
  336    45    34
  337    32    42
  338    10    48
  339    11    31
  340    27    43
  341    42    16
  342    15    11
  343    36    39
  344    41    31
  345    50    49
  346    48    48
  347    10     7
  348     2     1
  349    37     6
  350    21    12
  351    50     7
  352    20    41
  353    35     7
  354    24    17
  355    39    25
  356    46    30
  357    50    32
  358    47    26
  359    45    14
  360    40    39
  361    45     7
  362     5    12
  363    30    42
  364    44    21
  365    24     3
  366    30    20
  367    40    16
  368    18    17
  369     8    48
  370    28    44
  371    13    45
  372    11     5
  373     5     3
  374     1    29
  375    17    27
  376    40    12
  377    44    16
  378    41    33
  379    33    17
  380    35    20
  381    26    14
  382    10    50
  383     2    49
  384     3    42
  385    43     6
  386     7    22
  387     2    12
  388    37    15
  389    45    15
  390     5    21
  391    17     8
  392     9     8
  393    32    20
  394    35     1
  395    49    39
  396    50    36
  397    23    31
  398    35    27
  399    23    33
  400    11    42
  401    37    33
  402    14    14
  403    15    47
  404    24     4
  405    30     5
  406    27     9
  407     5    33
  408    50    31
  409    29    25
  410     7    37
  411    37    28
  412    13    26
  413    49    14
  414    36    24
  415    22     6
  416    11    23
  417    26    38
  418    26    41
  419    23    35
  420    32    45
  421     2    30
  422    32    22
  423    33    16
  424    26    41
  425    20    47
  426    19    18
  427     9     7
  428    48    37
  429    28    41
  430    23    45
  431    16    16
  432    22    35
  433    49     1
  434    39    38
  435    29     8
  436    48    22
  437    47    39
  438    35    27
  439    18    11
  440    25    22
  441    16    11
  442    32    33
  443    10    23
  444    42    21
  445    50    18
  446     5    49
  447    40    28
  448    18    32
  449    24     4
  450    15    48
  451    23     8
  452    16    48
  453    49    46
  454    26     4
  455    34    29
  456    49    45
  457    27     4
  458    35    11
  459    50    34
  460    26    11
  461    21    48
  462    47    29
  463    35    10
  464    21     9
  465    33    25
  466    37    41
  467    31    37
  468     1     5
  469    29    37
  470    40    36
  471    23    15
  472    34    34
  473    37    23
  474    31     5
  475    28     1
  476     8    46
  477    47    12
  478    19    13
  479    38    10
  480    47    48
  481    22    42
  482    24    14
  483     1    40
  484    31    29
  485     3    38
  486    14     2
  487     1    37
  488    19    31
  489    32     4
  490    20    38
  491    44    24
  492    24    28
  493    19    44
  494    32    12
  495    42    14
  496    43    13
  497    29    16
  498    48    18
  499     5     1
  500    38    47
8602
