500
    1    14     4
    2    56    46
    3    58    48
    4    29    19
    5    14     4
    6    30    20
    7    23    13
    8    60    50
    9    38    28
   10    16     6
   11    54    44
   12    51    41
   13    11     1
   14    30    20
   15    18     8
   16    20    10
   17    29    19
   18    55    45
   19    30    20
   20    43    33
   21    18     8
   22    55    45
   23    43    33
   24    55    45
   25    56    46
   26    23    13
   27    26    16
   28    52    42
   29    21    11
   30    31    21
   31    11     1
   32    12     2
   33    41    31
   34    18     8
   35    56    46
   36    42    32
   37    57    47
   38    47    37
   39    18     8
   40    16     6
   41    47    37
   42    30    20
   43    54    44
   44    15     5
   45    16     6
   46    12     2
   47    41    31
   48    24    14
   49    25    15
   50    53    43
   51    42    32
   52    23    13
   53    30    20
   54    48    38
   55    46    36
   56    30    20
   57    20    10
   58    42    32
   59    31    21
   60    21    11
   61    58    48
   62    53    43
   63    60    50
   64    56    46
   65    50    40
   66    32    22
   67    27    17
   68    57    47
   69    54    44
   70    28    18
   71    19     9
   72    45    35
   73    58    48
   74    51    41
   75    13     3
   76    47    37
   77    20    10
   78    49    39
   79    19     9
   80    18     8
   81    11     1
   82    30    20
   83    12     2
   84    52    42
   85    40    30
   86    28    18
   87    44    34
   88    37    27
   89    41    31
   90    33    23
   91    57    47
   92    35    25
   93    18     8
   94    23    13
   95    36    26
   96    11     1
   97    19     9
   98    53    43
   99    28    18
  100    46    36
  101    17     7
  102    45    35
  103    12     2
  104    49    39
  105    49    39
  106    11     1
  107    24    14
  108    39    29
  109    41    31
  110    42    32
  111    48    38
  112    28    18
  113    19     9
  114    11     1
  115    41    31
  116    52    42
  117    32    22
  118    22    12
  119    14     4
  120    47    37
  121    19     9
  122    58    48
  123    47    37
  124    14     4
  125    40    30
  126    26    16
  127    13     3
  128    58    48
  129    40    30
  130    59    49
  131    50    40
  132    13     3
  133    25    15
  134    21    11
  135    25    15
  136    30    20
  137    30    20
  138    13     3
  139    30    20
  140    48    38
  141    32    22
  142    27    17
  143    38    28
  144    15     5
  145    16     6
  146    41    31
  147    13     3
  148    14     4
  149    52    42
  150    17     7
  151    17     7
  152    28    18
  153    25    15
  154    12     2
  155    11     1
  156    25    15
  157    47    37
  158    30    20
  159    43    33
  160    28    18
  161    26    16
  162    13     3
  163    32    22
  164    28    18
  165    59    49
  166    16     6
  167    32    22
  168    14     4
  169    36    26
  170    27    17
  171    48    38
  172    37    27
  173    44    34
  174    12     2
  175    50    40
  176    19     9
  177    40    30
  178    44    34
  179    35    25
  180    31    21
  181    57    47
  182    56    46
  183    49    39
  184    12     2
  185    37    27
  186    46    36
  187    32    22
  188    33    23
  189    60    50
  190    32    22
  191    17     7
  192    47    37
  193    27    17
  194    11     1
  195    13     3
  196    14     4
  197    24    14
  198    51    41
  199    38    28
  200    25    15
  201    31    21
  202    11     1
  203    32    22
  204    14     4
  205    58    48
  206    13     3
  207    48    38
  208    26    16
  209    51    41
  210    25    15
  211    44    34
  212    25    15
  213    25    15
  214    34    24
  215    15     5
  216    11     1
  217    45    35
  218    12     2
  219    47    37
  220    17     7
  221    55    45
  222    18     8
  223    23    13
  224    14     4
  225    29    19
  226    12     2
  227    19     9
  228    22    12
  229    37    27
  230    30    20
  231    27    17
  232    31    21
  233    53    43
  234    45    35
  235    25    15
  236    37    27
  237    21    11
  238    30    20
  239    39    29
  240    45    35
  241    24    14
  242    36    26
  243    27    17
  244    17     7
  245    42    32
  246    50    40
  247    49    39
  248    47    37
  249    13     3
  250    58    48
  251    11     1
  252    21    11
  253    34    24
  254    49    39
  255    20    10
  256    32    22
  257    51    41
  258    22    12
  259    15     5
  260    23    13
  261    16     6
  262    45    35
  263    25    15
  264    47    37
  265    57    47
  266    28    18
  267    30    20
  268    51    41
  269    53    43
  270    50    40
  271    12     2
  272    18     8
  273    59    49
  274    31    21
  275    13     3
  276    50    40
  277    26    16
  278    21    11
  279    50    40
  280    20    10
  281    43    33
  282    38    28
  283    11     1
  284    49    39
  285    21    11
  286    36    26
  287    11     1
  288    20    10
  289    13     3
  290    52    42
  291    40    30
  292    23    13
  293    30    20
  294    29    19
  295    41    31
  296    23    13
  297    55    45
  298    17     7
  299    40    30
  300    51    41
  301    53    43
  302    11     1
  303    51    41
  304    17     7
  305    22    12
  306    40    30
  307    24    14
  308    40    30
  309    20    10
  310    47    37
  311    14     4
  312    34    24
  313    50    40
  314    28    18
  315    31    21
  316    37    27
  317    48    38
  318    40    30
  319    23    13
  320    31    21
  321    25    15
  322    33    23
  323    35    25
  324    52    42
  325    40    30
  326    46    36
  327    26    16
  328    31    21
  329    45    35
  330    13     3
  331    34    24
  332    23    13
  333    35    25
  334    39    29
  335    12     2
  336    26    16
  337    14     4
  338    18     8
  339    53    43
  340    21    11
  341    45    35
  342    21    11
  343    32    22
  344    58    48
  345    57    47
  346    40    30
  347    22    12
  348    36    26
  349    31    21
  350    31    21
  351    37    27
  352    12     2
  353    26    16
  354    49    39
  355    27    17
  356    16     6
  357    26    16
  358    38    28
  359    48    38
  360    25    15
  361    47    37
  362    35    25
  363    21    11
  364    24    14
  365    54    44
  366    31    21
  367    44    34
  368    39    29
  369    25    15
  370    35    25
  371    45    35
  372    60    50
  373    34    24
  374    59    49
  375    41    31
  376    22    12
  377    32    22
  378    14     4
  379    39    29
  380    15     5
  381    12     2
  382    17     7
  383    41    31
  384    52    42
  385    56    46
  386    30    20
  387    14     4
  388    36    26
  389    27    17
  390    42    32
  391    38    28
  392    24    14
  393    34    24
  394    51    41
  395    50    40
  396    20    10
  397    23    13
  398    25    15
  399    19     9
  400    60    50
  401    45    35
  402    16     6
  403    13     3
  404    22    12
  405    15     5
  406    28    18
  407    43    33
  408    54    44
  409    41    31
  410    46    36
  411    27    17
  412    27    17
  413    46    36
  414    51    41
  415    50    40
  416    28    18
  417    31    21
  418    14     4
  419    59    49
  420    43    33
  421    30    20
  422    23    13
  423    58    48
  424    11     1
  425    41    31
  426    45    35
  427    41    31
  428    19     9
  429    50    40
  430    34    24
  431    43    33
  432    11     1
  433    26    16
  434    37    27
  435    48    38
  436    51    41
  437    33    23
  438    30    20
  439    52    42
  440    53    43
  441    20    10
  442    42    32
  443    49    39
  444    41    31
  445    21    11
  446    48    38
  447    32    22
  448    47    37
  449    38    28
  450    23    13
  451    36    26
  452    12     2
  453    25    15
  454    30    20
  455    37    27
  456    30    20
  457    53    43
  458    41    31
  459    13     3
  460    35    25
  461    37    27
  462    18     8
  463    52    42
  464    43    33
  465    59    49
  466    28    18
  467    14     4
  468    14     4
  469    23    13
  470    34    24
  471    46    36
  472    47    37
  473    31    21
  474    21    11
  475    59    49
  476    45    35
  477    53    43
  478    18     8
  479    51    41
  480    25    15
  481    33    23
  482    49    39
  483    25    15
  484    47    37
  485    57    47
  486    52    42
  487    31    21
  488    24    14
  489    58    48
  490    48    38
  491    15     5
  492    56    46
  493    48    38
  494    58    48
  495    24    14
  496    25    15
  497    22    12
  498    13     3
  499    56    46
  500    42    32
3929
