500
    1    14     4
    2    56    46
    3    58    48
    4    29    19
    5    64    54
    6    30    20
    7    73    63
    8   110   100
    9    38    28
   10    16     6
   11   104    94
   12    51    41
   13    11     1
   14    80    70
   15    18     8
   16    70    60
   17    79    69
   18   105    95
   19    80    70
   20    93    83
   21    18     8
   22   105    95
   23    93    83
   24   105    95
   25   106    96
   26    73    63
   27    26    16
   28    52    42
   29    71    61
   30    81    71
   31    11     1
   32    62    52
   33    91    81
   34    68    58
   35   106    96
   36    92    82
   37   107    97
   38    97    87
   39    68    58
   40    16     6
   41    47    37
   42    80    70
   43    54    44
   44    65    55
   45    66    56
   46    62    52
   47    41    31
   48    74    64
   49    75    65
   50   103    93
   51    42    32
   52    73    63
   53    80    70
   54    98    88
   55    46    36
   56    30    20
   57    20    10
   58    92    82
   59    81    71
   60    71    61
   61   108    98
   62   103    93
   63   110   100
   64   106    96
   65    50    40
   66    82    72
   67    27    17
   68    57    47
   69    54    44
   70    78    68
   71    19     9
   72    95    85
   73    58    48
   74    51    41
   75    63    53
   76    97    87
   77    70    60
   78    49    39
   79    69    59
   80    18     8
   81    61    51
   82    30    20
   83    12     2
   84    52    42
   85    40    30
   86    28    18
   87    44    34
   88    37    27
   89    41    31
   90    33    23
   91    57    47
   92    85    75
   93    68    58
   94    23    13
   95    36    26
   96    11     1
   97    69    59
   98   103    93
   99    78    68
  100    96    86
  101    17     7
  102    45    35
  103    62    52
  104    49    39
  105    99    89
  106    61    51
  107    74    64
  108    39    29
  109    91    81
  110    42    32
  111    98    88
  112    28    18
  113    19     9
  114    61    51
  115    41    31
  116   102    92
  117    82    72
  118    22    12
  119    64    54
  120    97    87
  121    19     9
  122    58    48
  123    97    87
  124    64    54
  125    90    80
  126    76    66
  127    13     3
  128   108    98
  129    90    80
  130   109    99
  131    50    40
  132    63    53
  133    75    65
  134    71    61
  135    25    15
  136    80    70
  137    30    20
  138    63    53
  139    80    70
  140    48    38
  141    32    22
  142    27    17
  143    88    78
  144    65    55
  145    16     6
  146    91    81
  147    13     3
  148    64    54
  149   102    92
  150    17     7
  151    67    57
  152    28    18
  153    25    15
  154    12     2
  155    61    51
  156    75    65
  157    47    37
  158    30    20
  159    93    83
  160    78    68
  161    76    66
  162    13     3
  163    32    22
  164    28    18
  165   109    99
  166    16     6
  167    32    22
  168    64    54
  169    36    26
  170    27    17
  171    48    38
  172    87    77
  173    94    84
  174    12     2
  175    50    40
  176    69    59
  177    40    30
  178    94    84
  179    85    75
  180    81    71
  181   107    97
  182    56    46
  183    99    89
  184    12     2
  185    87    77
  186    96    86
  187    82    72
  188    83    73
  189   110   100
  190    82    72
  191    67    57
  192    97    87
  193    27    17
  194    11     1
  195    63    53
  196    14     4
  197    74    64
  198    51    41
  199    38    28
  200    75    65
  201    31    21
  202    11     1
  203    82    72
  204    64    54
  205   108    98
  206    13     3
  207    98    88
  208    76    66
  209    51    41
  210    25    15
  211    44    34
  212    25    15
  213    25    15
  214    84    74
  215    65    55
  216    11     1
  217    45    35
  218    12     2
  219    47    37
  220    67    57
  221   105    95
  222    68    58
  223    73    63
  224    64    54
  225    79    69
  226    12     2
  227    19     9
  228    22    12
  229    87    77
  230    80    70
  231    77    67
  232    31    21
  233    53    43
  234    45    35
  235    75    65
  236    87    77
  237    71    61
  238    80    70
  239    39    29
  240    45    35
  241    74    64
  242    36    26
  243    27    17
  244    17     7
  245    42    32
  246   100    90
  247    49    39
  248    97    87
  249    63    53
  250    58    48
  251    61    51
  252    71    61
  253    34    24
  254    99    89
  255    70    60
  256    32    22
  257   101    91
  258    22    12
  259    65    55
  260    23    13
  261    16     6
  262    45    35
  263    75    65
  264    97    87
  265    57    47
  266    78    68
  267    30    20
  268   101    91
  269   103    93
  270   100    90
  271    12     2
  272    18     8
  273    59    49
  274    31    21
  275    13     3
  276   100    90
  277    76    66
  278    21    11
  279    50    40
  280    20    10
  281    93    83
  282    88    78
  283    11     1
  284    99    89
  285    21    11
  286    36    26
  287    61    51
  288    70    60
  289    63    53
  290   102    92
  291    40    30
  292    73    63
  293    80    70
  294    79    69
  295    41    31
  296    73    63
  297    55    45
  298    67    57
  299    40    30
  300   101    91
  301   103    93
  302    11     1
  303    51    41
  304    17     7
  305    72    62
  306    90    80
  307    74    64
  308    90    80
  309    20    10
  310    47    37
  311    14     4
  312    34    24
  313   100    90
  314    28    18
  315    81    71
  316    87    77
  317    48    38
  318    90    80
  319    23    13
  320    31    21
  321    75    65
  322    33    23
  323    85    75
  324    52    42
  325    40    30
  326    96    86
  327    76    66
  328    31    21
  329    95    85
  330    63    53
  331    84    74
  332    23    13
  333    85    75
  334    89    79
  335    62    52
  336    26    16
  337    64    54
  338    68    58
  339   103    93
  340    71    61
  341    45    35
  342    21    11
  343    32    22
  344   108    98
  345   107    97
  346    40    30
  347    72    62
  348    36    26
  349    81    71
  350    81    71
  351    37    27
  352    62    52
  353    76    66
  354    49    39
  355    27    17
  356    16     6
  357    76    66
  358    88    78
  359    98    88
  360    75    65
  361    97    87
  362    85    75
  363    71    61
  364    24    14
  365    54    44
  366    31    21
  367    94    84
  368    39    29
  369    75    65
  370    35    25
  371    95    85
  372    60    50
  373    84    74
  374    59    49
  375    91    81
  376    22    12
  377    82    72
  378    14     4
  379    39    29
  380    65    55
  381    12     2
  382    67    57
  383    41    31
  384   102    92
  385   106    96
  386    80    70
  387    14     4
  388    86    76
  389    27    17
  390    42    32
  391    88    78
  392    24    14
  393    34    24
  394    51    41
  395   100    90
  396    70    60
  397    73    63
  398    25    15
  399    19     9
  400   110   100
  401    45    35
  402    66    56
  403    63    53
  404    72    62
  405    65    55
  406    78    68
  407    93    83
  408   104    94
  409    41    31
  410    96    86
  411    27    17
  412    27    17
  413    46    36
  414   101    91
  415   100    90
  416    78    68
  417    81    71
  418    64    54
  419    59    49
  420    93    83
  421    30    20
  422    23    13
  423    58    48
  424    11     1
  425    41    31
  426    95    85
  427    91    81
  428    19     9
  429   100    90
  430    34    24
  431    93    83
  432    61    51
  433    26    16
  434    37    27
  435    98    88
  436    51    41
  437    83    73
  438    30    20
  439    52    42
  440    53    43
  441    20    10
  442    92    82
  443    99    89
  444    41    31
  445    71    61
  446    98    88
  447    82    72
  448    47    37
  449    38    28
  450    23    13
  451    86    76
  452    62    52
  453    25    15
  454    30    20
  455    87    77
  456    80    70
  457    53    43
  458    91    81
  459    13     3
  460    35    25
  461    87    77
  462    18     8
  463    52    42
  464    93    83
  465    59    49
  466    28    18
  467    64    54
  468    14     4
  469    23    13
  470    34    24
  471    46    36
  472    47    37
  473    31    21
  474    21    11
  475    59    49
  476    95    85
  477   103    93
  478    68    58
  479    51    41
  480    25    15
  481    83    73
  482    99    89
  483    25    15
  484    47    37
  485   107    97
  486    52    42
  487    81    71
  488    74    64
  489   108    98
  490    98    88
  491    65    55
  492    56    46
  493    48    38
  494    58    48
  495    24    14
  496    25    15
  497    22    12
  498    63    53
  499   106    96
  500    92    82
8346
