500
    1   214   204
    2   456   446
    3   458   448
    4   329   319
    5   164   154
    6   430   420
    7   373   363
    8   310   300
    9   438   428
   10   416   406
   11   304   294
   12   451   441
   13   311   301
   14    80    70
   15   118   108
   16    70    60
   17   279   269
   18   305   295
   19    80    70
   20    93    83
   21    18     8
   22   105    95
   23   193   183
   24   205   195
   25   206   196
   26   473   463
   27   126   116
   28   252   242
   29    71    61
   30   181   171
   31   311   301
   32   362   352
   33   491   481
   34   368   358
   35   406   396
   36   192   182
   37   507   497
   38   397   387
   39   468   458
   40   116   106
   41   247   237
   42   480   470
   43   354   344
   44   465   455
   45   166   156
   46    62    52
   47   341   331
   48   274   264
   49   475   465
   50   503   493
   51   142   132
   52   373   363
   53    80    70
   54    98    88
   55   146   136
   56   230   220
   57   320   310
   58   492   482
   59   181   171
   60   271   261
   61   408   398
   62   303   293
   63   310   300
   64   306   296
   65   250   240
   66   382   372
   67   127   117
   68   357   347
   69   254   244
   70   278   268
   71   119   109
   72   295   285
   73   458   448
   74   251   241
   75    63    53
   76   197   187
   77   170   160
   78   349   339
   79    69    59
   80   418   408
   81   461   451
   82   330   320
   83   412   402
   84   452   442
   85   240   230
   86    28    18
   87   144   134
   88   137   127
   89   241   231
   90    33    23
   91    57    47
   92   385   375
   93   368   358
   94    23    13
   95    36    26
   96    11     1
   97   169   159
   98   103    93
   99   178   168
  100   196   186
  101    17     7
  102   245   235
  103   162   152
  104   249   239
  105   299   289
  106   261   251
  107   474   464
  108   139   129
  109    91    81
  110   242   232
  111    98    88
  112    28    18
  113   419   409
  114    61    51
  115    41    31
  116   502   492
  117   482   472
  118   222   212
  119    64    54
  120   497   487
  121   219   209
  122    58    48
  123    97    87
  124   464   454
  125   190   180
  126   176   166
  127   313   303
  128   408   398
  129   390   380
  130   109    99
  131   350   340
  132   163   153
  133   475   465
  134   271   261
  135   125   115
  136   480   470
  137   230   220
  138   263   253
  139   280   270
  140   448   438
  141   232   222
  142   327   317
  143   388   378
  144   465   455
  145   416   406
  146   191   181
  147   313   303
  148   164   154
  149   402   392
  150   117   107
  151    67    57
  152    28    18
  153   125   115
  154    12     2
  155    61    51
  156   275   265
  157   347   337
  158    30    20
  159   193   183
  160   378   368
  161   376   366
  162    13     3
  163   132   122
  164   328   318
  165   109    99
  166   416   406
  167   432   422
  168   264   254
  169   236   226
  170    27    17
  171    48    38
  172   187   177
  173   294   284
  174   312   302
  175   150   140
  176   469   459
  177   140   130
  178   294   284
  179   285   275
  180    81    71
  181   507   497
  182   256   246
  183   499   489
  184    12     2
  185   487   477
  186   196   186
  187    82    72
  188   283   273
  189   210   200
  190   282   272
  191    67    57
  192   397   387
  193   127   117
  194   111   101
  195   363   353
  196   114   104
  197   274   264
  198    51    41
  199   138   128
  200   475   465
  201   431   421
  202   311   301
  203   482   472
  204   264   254
  205   408   398
  206   413   403
  207   398   388
  208   176   166
  209   151   141
  210   125   115
  211   144   134
  212   125   115
  213   125   115
  214    84    74
  215   465   455
  216   411   401
  217    45    35
  218    12     2
  219   247   237
  220    67    57
  221   405   395
  222   468   458
  223   173   163
  224   264   254
  225   179   169
  226    12     2
  227   319   309
  228   422   412
  229   387   377
  230   380   370
  231    77    67
  232   331   321
  233    53    43
  234    45    35
  235    75    65
  236    87    77
  237   271   261
  238    80    70
  239   439   429
  240   145   135
  241    74    64
  242   136   126
  243   427   417
  244    17     7
  245   242   232
  246   500   490
  247    49    39
  248    97    87
  249    63    53
  250   358   348
  251   361   351
  252   171   161
  253    34    24
  254   299   289
  255   470   460
  256   332   322
  257   101    91
  258   322   312
  259    65    55
  260   223   213
  261   416   406
  262    45    35
  263   475   465
  264   497   487
  265    57    47
  266   378   368
  267    30    20
  268   301   291
  269   303   293
  270   200   190
  271   312   302
  272   318   308
  273   159   149
  274   331   321
  275   213   203
  276   500   490
  277   476   466
  278   321   311
  279   350   340
  280   220   210
  281   293   283
  282   288   278
  283   311   301
  284   499   489
  285   221   211
  286   136   126
  287    61    51
  288   370   360
  289   163   153
  290   202   192
  291   140   130
  292   273   263
  293   480   470
  294   279   269
  295    41    31
  296   473   463
  297   155   145
  298   167   157
  299   340   330
  300   501   491
  301   403   393
  302   311   301
  303   251   241
  304   317   307
  305   272   262
  306   490   480
  307   474   464
  308   490   480
  309   420   410
  310   447   437
  311   214   204
  312   334   324
  313   400   390
  314   328   318
  315   281   271
  316   287   277
  317    48    38
  318   290   280
  319   123   113
  320   331   321
  321   475   465
  322    33    23
  323   185   175
  324   152   142
  325   240   230
  326   196   186
  327   376   366
  328   331   321
  329   295   285
  330   463   453
  331   484   474
  332   123   113
  333   385   375
  334   189   179
  335   262   252
  336   126   116
  337   264   254
  338    68    58
  339   403   393
  340   371   361
  341   245   235
  342   321   311
  343   232   222
  344   108    98
  345   407   397
  346   240   230
  347    72    62
  348   236   226
  349   481   471
  350   281   271
  351    37    27
  352   362   352
  353   176   166
  354   149   139
  355    27    17
  356   216   206
  357   376   366
  358   288   278
  359   198   188
  360   175   165
  361    97    87
  362   285   275
  363   171   161
  364   424   414
  365    54    44
  366    31    21
  367   294   284
  368    39    29
  369   475   465
  370   135   125
  371    95    85
  372    60    50
  373   484   474
  374   359   349
  375   291   281
  376   122   112
  377   382   372
  378   314   304
  379    39    29
  380   365   355
  381   112   102
  382   167   157
  383   341   331
  384   202   192
  385   206   196
  386   380   370
  387   114   104
  388   286   276
  389   427   417
  390   142   132
  391    88    78
  392   424   414
  393   234   224
  394   151   141
  395   200   190
  396   370   360
  397   273   263
  398   325   315
  399   319   309
  400   310   300
  401   345   335
  402   166   156
  403   363   353
  404   272   262
  405   265   255
  406    78    68
  407   493   483
  408   204   194
  409   441   431
  410   496   486
  411   127   117
  412   327   317
  413   446   436
  414   501   491
  415   100    90
  416   378   368
  417    81    71
  418   464   454
  419    59    49
  420   393   383
  421   430   420
  422   123   113
  423   358   348
  424   211   201
  425    41    31
  426   495   485
  427    91    81
  428   219   209
  429   400   390
  430   234   224
  431   293   283
  432   161   151
  433   226   216
  434   137   127
  435   198   188
  436   151   141
  437   183   173
  438   430   420
  439    52    42
  440   453   443
  441   120   110
  442   192   182
  443   499   489
  444   441   431
  445   471   461
  446   398   388
  447   182   172
  448    47    37
  449    38    28
  450   423   413
  451   286   276
  452    62    52
  453    25    15
  454   430   420
  455   287   277
  456   380   370
  457   353   343
  458   391   381
  459   113   103
  460   135   125
  461    87    77
  462   318   308
  463   352   342
  464    93    83
  465   159   149
  466   328   318
  467   364   354
  468   214   204
  469   223   213
  470   134   124
  471   446   436
  472   247   237
  473   231   221
  474    21    11
  475    59    49
  476    95    85
  477   303   293
  478    68    58
  479   151   141
  480    25    15
  481   183   173
  482   399   389
  483   325   315
  484   147   137
  485   507   497
  486   252   242
  487   381   371
  488   374   364
  489   408   398
  490   398   388
  491   165   155
  492   156   146
  493   148   138
  494   358   348
  495   124   114
  496    25    15
  497   122   112
  498   163   153
  499   106    96
  500   392   382
40613
