500
    1   425   415
    2   162   152
    3   474   464
    4   470   460
    5   884   874
    6   444   434
    7   905   895
    8   884   874
    9   758   748
   10   389   379
   11   447   437
   12   417   407
   13   439   429
   14   973   963
   15   553   543
   16   155   145
   17   871   861
   18   554   544
   19   888   878
   20    74    64
   21   365   355
   22    19     9
   23   393   383
   24    67    57
   25   726   716
   26   215   205
   27   194   184
   28   482   472
   29    38    28
   30   323   313
   31   138   128
   32   436   426
   33   735   725
   34   498   488
   35   950   940
   36   442   432
   37   899   889
   38   222   212
   39   540   530
   40    49    39
   41    63    53
   42   285   275
   43   733   723
   44   791   781
   45   886   876
   46   936   926
   47   764   754
   48   968   958
   49   950   940
   50   133   123
   51   126   116
   52   894   884
   53   668   658
   54   852   842
   55   765   755
   56   631   621
   57   263   253
   58   262   252
   59   405   395
   60   168   158
   61  1003   993
   62   193   183
   63   673   663
   64   144   134
   65   677   667
   66   480   470
   67   323   313
   68   431   421
   69   558   548
   70   311   301
   71   423   413
   72   149   139
   73   734   724
   74   365   355
   75   658   648
   76   967   957
   77   710   700
   78   186   176
   79   444   434
   80   827   817
   81   233   223
   82   920   910
   83   167   157
   84   181   171
   85    16     6
   86   485   475
   87   155   145
   88    43    33
   89   945   935
   90   630   620
   91   304   294
   92   251   241
   93   923   913
   94   416   406
   95   639   629
   96   108    98
   97   505   495
   98   504   494
   99   662   652
  100   681   671
  101   120   110
  102   219   209
  103   606   596
  104   834   824
  105   767   757
  106   647   637
  107   434   424
  108   605   595
  109   498   488
  110  1000   990
  111   349   339
  112   306   296
  113   723   713
  114   718   708
  115   664   654
  116   508   498
  117    62    52
  118   884   874
  119   616   606
  120   123   113
  121   926   916
  122   804   794
  123   688   678
  124   886   876
  125   785   775
  126   157   147
  127   984   974
  128    45    35
  129   285   275
  130   302   292
  131   394   384
  132   909   899
  133   806   796
  134   205   195
  135   604   594
  136   565   555
  137   726   716
  138   288   278
  139   839   829
  140   213   203
  141   527   517
  142   293   283
  143   523   513
  144   639   629
  145   464   454
  146   301   291
  147   469   459
  148    77    67
  149   665   655
  150   330   320
  151   662   652
  152   730   720
  153   492   482
  154   162   152
  155   393   383
  156   461   451
  157   850   840
  158   372   362
  159   248   238
  160  1007   997
  161   543   533
  162   999   989
  163   859   849
  164   718   708
  165   844   834
  166   737   727
  167   807   797
  168    90    80
  169   703   693
  170   325   315
  171  1007   997
  172   596   586
  173   361   351
  174   318   308
  175   386   376
  176   887   877
  177   956   946
  178   432   422
  179   681   671
  180   598   588
  181   454   444
  182    78    68
  183   658   648
  184   765   755
  185   270   260
  186   245   235
  187   397   387
  188   540   530
  189   282   272
  190   248   238
  191   547   537
  192   326   316
  193   955   945
  194   853   843
  195   430   420
  196   512   502
  197   470   460
  198   196   186
  199   154   144
  200   196   186
  201   519   509
  202   432   422
  203   774   764
  204   381   371
  205    92    82
  206   638   628
  207    22    12
  208   429   419
  209   427   417
  210   363   353
  211   600   590
  212   635   625
  213   417   407
  214   730   720
  215   608   598
  216   848   838
  217   808   798
  218   762   752
  219   763   753
  220   248   238
  221   388   378
  222   933   923
  223   149   139
  224   342   332
  225   715   705
  226   557   547
  227   983   973
  228    95    85
  229   391   381
  230   506   496
  231   632   622
  232   705   695
  233   857   847
  234   175   165
  235   887   877
  236   381   371
  237    27    17
  238   618   608
  239   138   128
  240   607   597
  241   913   903
  242   105    95
  243   350   340
  244   782   772
  245   293   283
  246   170   160
  247   212   202
  248   895   885
  249   663   653
  250    67    57
  251   980   970
  252   300   290
  253   757   747
  254  1000   990
  255   225   215
  256   778   768
  257   852   842
  258   403   393
  259   249   239
  260   640   630
  261   203   193
  262   238   228
  263    47    37
  264   211   201
  265   624   614
  266   692   682
  267   726   716
  268   734   724
  269   442   432
  270    61    51
  271   948   938
  272   879   869
  273   675   665
  274   584   574
  275   816   806
  276   197   187
  277   111   101
  278   595   585
  279   458   448
  280   373   363
  281    85    75
  282   686   676
  283   454   444
  284   956   946
  285   241   231
  286    85    75
  287    13     3
  288    15     5
  289   547   537
  290   652   642
  291   968   958
  292   526   516
  293   456   446
  294   365   355
  295   657   647
  296   831   821
  297   322   312
  298   988   978
  299   936   926
  300   254   244
  301   487   477
  302   436   426
  303   422   412
  304   370   360
  305   531   521
  306   803   793
  307   954   944
  308   539   529
  309   763   753
  310   848   838
  311   702   692
  312   104    94
  313   632   622
  314   173   163
  315   101    91
  316   845   835
  317   595   585
  318   783   773
  319   739   729
  320   249   239
  321    59    49
  322   938   928
  323   992   982
  324   549   539
  325   888   878
  326  1002   992
  327   683   673
  328   993   983
  329    43    33
  330   124   114
  331   216   206
  332   945   935
  333   780   770
  334   307   297
  335   989   979
  336   748   738
  337   239   229
  338   358   348
  339   655   645
  340   325   315
  341   372   362
  342   326   316
  343   115   105
  344   794   784
  345   314   304
  346   630   620
  347   427   417
  348   594   584
  349   912   902
  350   963   953
  351   960   950
  352   956   946
  353   832   822
  354   715   705
  355   487   477
  356   762   752
  357   800   790
  358   746   736
  359   737   727
  360   580   570
  361   645   635
  362   839   829
  363   266   256
  364   849   839
  365    70    60
  366   869   859
  367   678   668
  368   377   367
  369   434   424
  370   909   899
  371   339   329
  372   933   923
  373   112   102
  374   961   951
  375   791   781
  376   656   646
  377   785   775
  378   595   585
  379   623   613
  380   631   621
  381   356   346
  382   924   914
  383   664   654
  384   131   121
  385   854   844
  386   785   775
  387   358   348
  388   568   558
  389   947   937
  390   352   342
  391   415   405
  392   589   579
  393   229   219
  394   728   718
  395  1003   993
  396   964   954
  397   512   502
  398   766   756
  399   571   561
  400   212   202
  401   504   494
  402   588   578
  403   562   552
  404   729   719
  405   808   798
  406   588   578
  407   156   146
  408   278   268
  409   600   590
  410    74    64
  411   826   816
  412   256   246
  413   394   384
  414   439   429
  415   783   773
  416  1003   993
  417    81    71
  418   226   216
  419   803   793
  420   563   553
  421    86    76
  422   713   703
  423   169   159
  424   505   495
  425   120   110
  426   965   955
  427   982   972
  428   461   451
  429   359   349
  430   531   521
  431   953   943
  432   914   904
  433   846   836
  434   239   229
  435   185   175
  436   245   235
  437   595   585
  438    43    33
  439   528   518
  440   407   397
  441   515   505
  442   885   875
  443   226   216
  444   418   408
  445   631   621
  446   991   981
  447   529   519
  448   408   398
  449   693   683
  450   400   390
  451   545   535
  452   871   861
  453   821   811
  454   712   702
  455   635   625
  456   705   695
  457   977   967
  458   216   206
  459   280   270
  460   696   686
  461    47    37
  462   248   238
  463   764   754
  464   815   805
  465   286   276
  466   962   952
  467   260   250
  468   955   945
  469   643   633
  470   235   225
  471   197   187
  472    48    38
  473   679   669
  474   130   120
  475   875   865
  476   816   806
  477   542   532
  478   673   663
  479    26    16
  480   526   516
  481   191   181
  482   657   647
  483   245   235
  484   985   975
  485   155   145
  486   786   776
  487  1001   991
  488   116   106
  489   364   354
  490   999   989
  491   876   866
  492   642   632
  493   675   665
  494   784   774
  495   503   493
  496   879   869
  497   246   236
  498   769   759
  499   942   932
  500   401   391
219115
