100
    1    95    85
    2   104    94
    3    36    26
    4    16     6
    5    58    48
    6    26    16
    7    31    21
    8   102    92
    9    32    22
   10    59    49
   11   105    95
   12    47    37
   13    53    43
   14    67    57
   15    55    45
   16    25    15
   17    65    55
   18    56    46
   19    62    52
   20    32    22
   21    19     9
   22   101    91
   23    11     1
   24    69    59
   25    32    22
   26    77    67
   27   104    94
   28   108    98
   29    48    38
   30    17     7
   31    84    74
   32    54    44
   33    25    15
   34    44    34
   35    92    82
   36    76    66
   37    77    67
   38   104    94
   39    94    84
   40   103    93
   41   109    99
   42    43    33
   43    43    33
   44    41    31
   45    92    82
   46    38    28
   47    82    72
   48   110   100
   49    84    74
   50    27    17
   51    48    38
   52    84    74
   53    66    56
   54    30    20
   55    55    45
   56    29    19
   57   105    95
   58   104    94
   59    39    29
   60   106    96
   61   109    99
   62   107    97
   63    87    77
   64    26    16
   65   107    97
   66    18     8
   67    29    19
   68    49    39
   69    52    42
   70    17     7
   71    17     7
   72    79    69
   73    32    22
   74    47    37
   75    80    70
   76    41    31
   77   108    98
   78    36    26
   79   110   100
   80    97    87
   81    55    45
   82    82    72
   83    77    67
   84    23    13
   85    82    72
   86    91    81
   87   105    95
   88    53    43
   89    23    13
   90    68    58
   91    58    48
   92    13     3
   93    97    87
   94    74    64
   95    33    23
   96    46    36
   97    39    29
   98    34    24
   99    84    74
  100    99    89
880
