100
    1    34    24
    2    57    47
    3    31    21
    4    43    33
    5    21    11
    6    35    25
    7    18     8
    8    19     9
    9    45    35
   10    24    14
   11    52    42
   12    58    48
   13    20    10
   14    44    34
   15    30    20
   16    14     4
   17    44    34
   18    55    45
   19    49    39
   20    53    43
   21    16     6
   22    60    50
   23    26    16
   24    42    32
   25    29    19
   26    22    12
   27    49    39
   28    45    35
   29    43    33
   30    46    36
   31    37    27
   32    19     9
   33    56    46
   34    45    35
   35    21    11
   36    59    49
   37    38    28
   38    37    27
   39    43    33
   40    26    16
   41    36    26
   42    14     4
   43    14     4
   44    40    30
   45    39    29
   46    37    27
   47    49    39
   48    39    29
   49    17     7
   50    30    20
   51    37    27
   52    13     3
   53    43    33
   54    17     7
   55    36    26
   56    30    20
   57    34    24
   58    33    23
   59    22    12
   60    37    27
   61    56    46
   62    50    40
   63    30    20
   64    35    25
   65    42    32
   66    49    39
   67    26    16
   68    16     6
   69    55    45
   70    40    30
   71    20    10
   72    14     4
   73    33    23
   74    56    46
   75    45    35
   76    54    44
   77    33    23
   78    11     1
   79    27    17
   80    36    26
   81    18     8
   82    27    17
   83    48    38
   84    28    18
   85    49    39
   86    12     2
   87    30    20
   88    24    14
   89    58    48
   90    49    39
   91    55    45
   92    56    46
   93    36    26
   94    19     9
   95    36    26
   96    27    17
   97    48    38
   98    19     9
   99    23    13
  100    40    30
1276
