100
    1    14     4
    2    56    46
    3    58    48
    4    29    19
    5    14     4
    6    30    20
    7    23    13
    8    60    50
    9    38    28
   10    16     6
   11    54    44
   12    51    41
   13    11     1
   14    30    20
   15    18     8
   16    20    10
   17    29    19
   18    55    45
   19    30    20
   20    43    33
   21    18     8
   22    55    45
   23    43    33
   24    55    45
   25    56    46
   26    23    13
   27    26    16
   28    52    42
   29    21    11
   30    31    21
   31    11     1
   32    12     2
   33    41    31
   34    18     8
   35    56    46
   36    42    32
   37    57    47
   38    47    37
   39    18     8
   40    16     6
   41    47    37
   42    30    20
   43    54    44
   44    15     5
   45    16     6
   46    12     2
   47    41    31
   48    24    14
   49    25    15
   50    53    43
   51    42    32
   52    23    13
   53    30    20
   54    48    38
   55    46    36
   56    30    20
   57    20    10
   58    42    32
   59    31    21
   60    21    11
   61    58    48
   62    53    43
   63    60    50
   64    56    46
   65    50    40
   66    32    22
   67    27    17
   68    57    47
   69    54    44
   70    28    18
   71    19     9
   72    45    35
   73    58    48
   74    51    41
   75    13     3
   76    47    37
   77    20    10
   78    49    39
   79    19     9
   80    18     8
   81    11     1
   82    30    20
   83    12     2
   84    52    42
   85    40    30
   86    28    18
   87    44    34
   88    37    27
   89    41    31
   90    33    23
   91    57    47
   92    35    25
   93    18     8
   94    23    13
   95    36    26
   96    11     1
   97    19     9
   98    53    43
   99    28    18
  100    46    36
831
