100
    1    79    85
    2    32    26
    3    47    48
    4    18    21
    5    26    22
    6    85    95
    7    33    43
    8    40    45
    9    45    55
   10    59    52
   11    17     9
   12    10     1
   13    24    22
   14    85    94
   15    45    38
   16    79    74
   17    24    15
   18    74    82
   19    60    67
   20    83    84
   21    89    99
   22    40    33
   23    84    82
   24    64    72
   25    82    74
   26    30    38
   27    66    56
   28    47    45
   29    90    95
   30    36    29
   31    99    99
   32    83    77
   33    94    97
   34    20    19
   35    52    42
   36     5     7
   37    26    22
   38    79    70
   39    95    98
   40    99   100
   41    35    45
   42    60    67
   43    77    72
   44    90    95
   45    19    13
   46    45    48
   47    80    87
   48    20    23
   49    34    29
   50    70    74
   51    48    40
   52    44    54
   53    63    67
   54    52    46
   55    18    10
   56    54    53
   57    86    91
   58    15    24
   59    35    30
   60    90    88
   61    85    90
   62    36    40
   63    50    49
   64    86    96
   65    56    65
   66    73    78
   67    60    70
   68    34    36
   69    25    22
   70    61    51
   71    28    23
   72    22    31
   73     7     8
   74    87    85
   75    61    53
   76    47    42
   77    95    92
   78    27    25
   79    77    86
   80     2    12
   81    49    59
   82    71    63
   83    80    88
   84    87    79
   85    84    87
   86     9    19
   87    57    61
   88    42    46
   89    87    92
   90    51    61
   91    19    14
   92    89    86
   93    37    30
   94    44    49
   95    95    94
   96    95    99
   97    95    91
   98    21    30
   99   107    98
  100    93    90
946
