100
    1    25    15
    2    12     2
    3    24    14
    4    20    10
    5    34    24
    6    44    34
    7    55    45
    8    34    24
    9    58    48
   10    39    29
   11    47    37
   12    17     7
   13    39    29
   14    23    13
   15    53    43
   16    55    45
   17    21    11
   18    54    44
   19    38    28
   20    24    14
   21    15     5
   22    19     9
   23    43    33
   24    17     7
   25    26    16
   26    15     5
   27    44    34
   28    32    22
   29    38    28
   30    23    13
   31    38    28
   32    36    26
   33    35    25
   34    48    38
   35    50    40
   36    42    32
   37    49    39
   38    22    12
   39    40    30
   40    49    39
   41    13     3
   42    35    25
   43    33    23
   44    41    31
   45    36    26
   46    36    26
   47    14     4
   48    18     8
   49    50    40
   50    33    23
   51    26    16
   52    44    34
   53    18     8
   54    52    42
   55    15     5
   56    31    21
   57    13     3
   58    12     2
   59    55    45
   60    18     8
   61    53    43
   62    43    33
   63    23    13
   64    44    34
   65    27    17
   66    30    20
   67    23    13
   68    31    21
   69    58    48
   70    11     1
   71    23    13
   72    49    39
   73    34    24
   74    15     5
   75    58    48
   76    17     7
   77    60    50
   78    36    26
   79    44    34
   80    27    17
   81    33    23
   82    20    10
   83    17     7
   84    31    21
   85    16     6
   86    35    25
   87    55    45
   88    43    33
   89    45    35
   90    30    20
   91    54    44
   92    51    41
   93    23    13
   94    16     6
   95    39    29
   96    58    48
   97    55    45
   98    54    44
   99    12     2
  100    31    21
2011
