100
    1    49    45
    2    46    43
    3    29    17
    4    15    50
    5    23    41
    6     2    41
    7    49    20
    8     1    31
    9    46    46
   10     4     9
   11     4     7
   12    20    50
   13     8    43
   14    27    11
   15    48     6
   16    17     4
   17    11    10
   18    15    25
   19    20     8
   20    29     7
   21    41    14
   22     4    13
   23     1     1
   24    43    46
   25    46    50
   26    44    21
   27    23    45
   28    21    17
   29    13    39
   30    44     4
   31    36    45
   32     5    41
   33     5    25
   34    12    14
   35    41    45
   36    20    12
   37    50    49
   38    50    18
   39    14    37
   40    47    26
   41    13    16
   42    45    23
   43    39    47
   44    48     9
   45     4    16
   46    18    44
   47     8    45
   48    34    29
   49    28    16
   50    27     7
   51    50    42
   52    30    47
   53    24    34
   54     6     5
   55     3    20
   56    19     7
   57    24    44
   58    29    48
   59    19     9
   60    36    39
   61    45    48
   62    35    32
   63    21    45
   64    39    18
   65    12     9
   66    34    19
   67    16     2
   68    11    18
   69    20    17
   70    15    11
   71    28    19
   72     4    19
   73    20     3
   74    29    40
   75    50    17
   76    37    36
   77    35    10
   78    22     6
   79    13    40
   80    21    20
   81    26    27
   82    29    39
   83     3    22
   84    37     5
   85    14     5
   86    32    29
   87    23    29
   88    38    31
   89    43     7
   90    50     6
   91    27    12
   92     5    46
   93    37    16
   94    12    15
   95    15    15
   96    22    26
   97    28    18
   98    19    48
   99    38    43
  100    46     5
1664
