100
    1    79    74
    2    77    71
    3    58    61
    4    64    58
    5    36    35
    6    86    92
    7    59    60
    8    74    70
    9    87    84
   10    82    89
   11     7     6
   12    65    66
   13    21    19
   14    48    39
   15    89    83
   16    33    27
   17    89    96
   18    14    11
   19    27    28
   20    43    33
   21    86    76
   22    58    54
   23    85    79
   24    95    89
   25     1     7
   26    19    27
   27    27    33
   28    32    26
   29    17    24
   30    63    62
   31   100    96
   32    68    70
   33    81    82
   34    20    16
   35    92    95
   36    62    60
   37    29    23
   38    40    35
   39    18    23
   40     9    17
   41    60    58
   42    83    88
   43    86    89
   44    18    20
   45    99    98
   46    53    45
   47    70    76
   48    76    76
   49    46    38
   50    60    63
   51    30    25
   52    61    51
   53     6    12
   54    31    35
   55   100    99
   56    21    22
   57    77    76
   58    86    89
   59    62    67
   60    79    73
   61    37    27
   62    26    33
   63    64    62
   64    61    61
   65    87    94
   66    46    55
   67    67    59
   68    35    41
   69    21    19
   70    49    40
   71    19    20
   72    78    72
   73     5     5
   74    18    22
   75    80    78
   76    72    71
   77    29    37
   78    37    30
   79    46    39
   80     1     1
   81    69    72
   82    72    80
   83    65    61
   84    70    64
   85    63    64
   86    13     8
   87     8     6
   88    37    35
   89    63    69
   90    84    90
   91    72    79
   92    99    91
   93    68    71
   94   101    94
   95    61    59
   96    70    68
   97    48    44
   98    75    75
   99    79    79
  100    63    67
2719
