100
    1    47    74
    2    83    71
    3    25    61
    4     9    58
    5    14    35
    6    98    92
    7    34    60
    8     4    70
    9    95    84
   10    43    89
   11   100     6
   12    32    66
   13    12    19
   14    35    39
   15    36    83
   16     9    27
   17    35    96
   18    99    11
   19    27    28
   20    66    33
   21    54    76
   22    80    54
   23    77    79
   24    29    89
   25    70     7
   26     3    27
   27    57    33
   28    20    26
   29    23    24
   30    77    62
   31    90    96
   32    25    70
   33    89    82
   34    56    16
   35    80    95
   36    54    60
   37    46    23
   38    44    35
   39    51    23
   40    76    17
   41    17    58
   42    18    88
   43     2    89
   44    64    20
   45    39    98
   46    96    45
   47     9    76
   48    17    76
   49     9    38
   50    30    63
   51    44    25
   52    83    51
   53    64    12
   54    18    35
   55    69    99
   56    95    22
   57    87    76
   58    61    89
   59    65    67
   60    12    73
   61    97    27
   62    95    33
   63    94    62
   64    42    61
   65    79    94
   66    70    55
   67    90    59
   68    66    41
   69    61    19
   70    26    40
   71    22    20
   72    80    72
   73     2     5
   74    90    22
   75    27    78
   76     3    71
   77    19    37
   78    94    30
   79    17    39
   80    44     1
   81    64    72
   82    99    80
   83    78    61
   84    47    64
   85    66    64
   86    29     8
   87    39     6
   88    48    35
   89    65    69
   90    59    90
   91    87    79
   92     2    91
   93    86    71
   94    41    94
   95    45    59
   96    79    68
   97    66    44
   98    37    75
   99    89    79
  100     5    67
2719
