100
    1    45    35
    2    54    44
    3    36    26
    4    16     6
    5    58    48
    6    26    16
    7    31    21
    8    52    42
    9    32    22
   10    59    49
   11    55    45
   12    47    37
   13    53    43
   14    17     7
   15    55    45
   16    25    15
   17    15     5
   18    56    46
   19    12     2
   20    32    22
   21    19     9
   22    51    41
   23    11     1
   24    19     9
   25    32    22
   26    27    17
   27    54    44
   28    58    48
   29    48    38
   30    17     7
   31    34    24
   32    54    44
   33    25    15
   34    44    34
   35    42    32
   36    26    16
   37    27    17
   38    54    44
   39    44    34
   40    53    43
   41    59    49
   42    43    33
   43    43    33
   44    41    31
   45    42    32
   46    38    28
   47    32    22
   48    60    50
   49    34    24
   50    27    17
   51    48    38
   52    34    24
   53    16     6
   54    30    20
   55    55    45
   56    29    19
   57    55    45
   58    54    44
   59    39    29
   60    56    46
   61    59    49
   62    57    47
   63    37    27
   64    26    16
   65    57    47
   66    18     8
   67    29    19
   68    49    39
   69    52    42
   70    17     7
   71    17     7
   72    29    19
   73    32    22
   74    47    37
   75    30    20
   76    41    31
   77    58    48
   78    36    26
   79    60    50
   80    47    37
   81    55    45
   82    32    22
   83    27    17
   84    23    13
   85    32    22
   86    41    31
   87    55    45
   88    53    43
   89    23    13
   90    18     8
   91    58    48
   92    13     3
   93    47    37
   94    24    14
   95    33    23
   96    46    36
   97    39    29
   98    34    24
   99    34    24
  100    49    39
480
