100
    1    52    15
    2    60    64
    3    34    74
    4    74    95
    5    79    48
    6     7    37
    7    63    29
    8    45    43
    9    44    61
   10    64    78
   11     9    55
   12    57    83
   13     5    16
   14    72    84
   15    13    28
   16    26    28
   17    88    25
   18    32    40
   19    12    89
   20    39    30
   21    75    53
   22    81    23
   23    26    76
   24    58    54
   25    23    40
   26    84    16
   27    42    58
   28    21    55
   29    52    53
   30    58    95
   31    83    93
   32    34    63
   33    70    67
   34    21    13
   35     1    48
   36    39    13
   37    55    24
   38    57    48
   39    76   100
   40    17    34
   41    10    23
   42    71    57
   43    75     6
   44    33    45
   45    20    35
   46    41    94
   47     6    13
   48    98    29
   49    94    95
   50    71    52
   51     9    10
   52    24    96
   53    37    57
   54    95    24
   55    90    88
   56    96    39
   57     8    13
   58    98    54
   59    74    52
   60    13     6
   61    94    16
   62    76    78
   63    47    75
   64    35    74
   65    92    75
   66    99    84
   67    95    96
   68    55    94
   69    78    16
   70     3    29
   71    83    17
   72    29    13
   73    91    54
   74    67    59
   75    20    55
   76    20    52
   77    52    82
   78    51    83
   79    62    40
   80    97    38
   81    89    33
   82     8    49
   83    27    34
   84    80    97
   85    15    93
   86    86    97
   87     8    51
   88    77    76
   89    22    46
   90    88    71
   91    68    44
   92    55    48
   93    35    60
   94    30    87
   95    38    72
   96    16    37
   97    43    45
   98     2    20
   99    86    60
  100    86    44
4358
