500
    1   495   485
    2   104    94
    3   336   326
    4   516   506
    5   258   248
    6   426   416
    7   431   421
    8  1002   992
    9   332   322
   10   659   649
   11   805   795
   12   247   237
   13    53    43
   14   467   457
   15   855   845
   16   825   815
   17   965   955
   18   456   446
   19   262   252
   20   432   422
   21    19     9
   22   801   791
   23   911   901
   24   369   359
   25   132   122
   26   677   667
   27   104    94
   28   608   598
   29   748   738
   30    17     7
   31   584   574
   32   554   544
   33   725   715
   34   344   334
   35   892   882
   36   776   766
   37   377   367
   38  1004   994
   39   994   984
   40   903   893
   41   309   299
   42   643   633
   43   443   433
   44   141   131
   45   692   682
   46   438   428
   47    82    72
   48   710   700
   49   884   874
   50   627   617
   51   148   138
   52   884   874
   53   866   856
   54   730   720
   55   155   145
   56   429   419
   57  1005   995
   58   804   794
   59   539   529
   60   206   196
   61   209   199
   62  1007   997
   63   287   277
   64   126   116
   65   107    97
   66   918   908
   67   729   719
   68   549   539
   69   252   242
   70   717   707
   71   117   107
   72   579   569
   73   132   122
   74   547   537
   75    80    70
   76   941   931
   77   108    98
   78   736   726
   79   610   600
   80   497   487
   81   655   645
   82   782   772
   83   277   267
   84   523   513
   85   982   972
   86    91    81
   87   905   895
   88   953   943
   89   223   213
   90    68    58
   91   758   748
   92   313   303
   93   497   487
   94   774   764
   95   933   923
   96   546   536
   97    39    29
   98   734   724
   99   684   674
  100   799   789
  101   550   540
  102   489   479
  103   564   554
  104   152   142
  105   477   467
  106   349   339
  107    56    46
  108   651   641
  109   720   710
  110   206   196
  111   563   553
  112   504   494
  113   201   191
  114    76    66
  115   734   724
  116   834   824
  117   740   730
  118   218   208
  119   998   988
  120   721   711
  121   100    90
  122   810   800
  123   350   340
  124   324   314
  125   559   549
  126   299   289
  127   206   196
  128   411   401
  129   875   865
  130   476   466
  131   688   678
  132   699   689
  133   580   570
  134   843   833
  135   946   936
  136   235   225
  137   732   722
  138   254   244
  139   661   651
  140   859   849
  141   133   123
  142   123   113
  143   441   431
  144   389   379
  145   518   508
  146   371   361
  147   595   585
  148    75    65
  149   863   853
  150   496   486
  151   652   642
  152   696   686
  153  1002   992
  154   296   286
  155   735   725
  156   899   889
  157   296   286
  158    34    24
  159   822   812
  160   501   491
  161   869   859
  162   901   891
  163   673   663
  164   100    90
  165    98    88
  166   191   181
  167   189   179
  168   224   214
  169   197   187
  170    27    17
  171   629   619
  172   482   472
  173   271   261
  174   428   418
  175   856   846
  176   429   419
  177   202   192
  178   366   356
  179   271   261
  180   692   682
  181   524   514
  182   316   306
  183   896   886
  184   211   201
  185   540   530
  186   395   385
  187   859   849
  188   962   952
  189   304   294
  190   510   500
  191   809   799
  192   204   194
  193   401   391
  194   747   737
  195   340   330
  196   334   324
  197   308   298
  198  1002   992
  199   800   790
  200   234   224
  201   285   275
  202   270   260
  203   836   826
  204   107    97
  205    82    72
  206   220   210
  207   876   866
  208   659   649
  209   961   951
  210   929   919
  211   758   748
  212    73    63
  213   695   685
  214   968   958
  215   966   956
  216   814   804
  217   574   564
  218   528   518
  219   193   183
  220   438   428
  221   410   400
  222   547   537
  223   731   721
  224   356   346
  225   217   207
  226   163   153
  227   333   323
  228   981   971
  229   621   611
  230   672   662
  231   126   116
  232   207   197
  233   119   109
  234   101    91
  235   805   795
  236   539   529
  237   353   343
  238   136   126
  239   872   862
  240   757   747
  241   695   685
  242   479   469
  243    20    10
  244   780   770
  245   891   881
  246   944   934
  247   994   984
  248   733   723
  249   413   403
  250   905   895
  251   370   360
  252   578   568
  253   459   449
  254   182   172
  255   551   541
  256   968   958
  257   282   272
  258   393   383
  259   887   877
  260   318   308
  261   369   359
  262   980   970
  263   717   707
  264   593   583
  265   318   308
  266    58    48
  267   780   770
  268   940   930
  269    40    30
  270   579   569
  271   218   208
  272    13     3
  273   321   311
  274    30    20
  275   110   100
  276   619   609
  277   949   939
  278   897   887
  279   432   422
  280   835   825
  281   795   785
  282   940   930
  283   380   370
  284   914   904
  285   999   989
  286   251   241
  287   979   969
  288   389   379
  289   153   143
  290   386   376
  291   982   972
  292   972   962
  293    38    28
  294   899   889
  295    71    61
  296   453   443
  297   648   638
  298   226   216
  299   358   348
  300   348   338
  301   357   347
  302   170   160
  303    76    66
  304   416   406
  305   401   391
  306   169   159
  307   648   638
  308    41    31
  309   305   295
  310   214   204
  311   836   826
  312   430   420
  313   206   196
  314   163   153
  315   459   449
  316   435   425
  317   865   855
  318   341   331
  319   153   143
  320   575   565
  321   497   487
  322   848   838
  323   150   140
  324    19     9
  325   574   564
  326   928   918
  327   625   615
  328   543   533
  329   145   135
  330   242   232
  331   574   564
  332   967   957
  333   370   360
  334   601   591
  335   803   793
  336   586   576
  337   173   163
  338   756   746
  339   869   859
  340   387   377
  341   770   760
  342   868   858
  343   721   711
  344    96    86
  345   672   662
  346   444   434
  347   169   159
  348   568   558
  349   670   660
  350   289   279
  351   278   268
  352   850   840
  353   958   948
  354   745   735
  355   325   315
  356   584   574
  357   686   676
  358   136   126
  359   351   341
  360   922   912
  361   699   689
  362   749   739
  363   904   894
  364   831   821
  365   716   706
  366   635   625
  367   500   490
  368   927   917
  369   488   478
  370   211   201
  371   681   671
  372  1003   993
  373   942   932
  374   159   149
  375   909   899
  376    62    52
  377   247   237
  378   769   759
  379   197   187
  380   277   267
  381   482   472
  382   266   256
  383   782   772
  384   793   783
  385   108    98
  386   127   117
  387   916   906
  388   526   516
  389   921   911
  390   190   180
  391   645   635
  392    35    25
  393   235   225
  394   390   380
  395   833   823
  396   722   712
  397   174   164
  398   276   266
  399   353   343
  400   226   216
  401   742   732
  402   458   448
  403   512   502
  404   551   541
  405   750   740
  406   674   664
  407   586   576
  408   964   954
  409   622   612
  410   736   726
  411   912   902
  412   782   772
  413   464   454
  414   541   531
  415   421   411
  416   953   943
  417   983   973
  418   760   750
  419   713   703
  420   337   327
  421   860   850
  422   927   917
  423    87    77
  424    15     5
  425   230   220
  426   123   113
  427   812   802
  428   923   913
  429   413   403
  430   801   791
  431   191   181
  432  1008   998
  433    20    10
  434   869   859
  435   535   525
  436   355   345
  437   929   919
  438   441   431
  439   678   668
  440   685   675
  441   537   527
  442   843   833
  443   472   462
  444   448   438
  445   301   291
  446   533   523
  447   615   605
  448   926   916
  449   467   457
  450   430   420
  451   415   405
  452   125   115
  453   427   417
  454   670   660
  455   289   279
  456   271   261
  457   695   685
  458   782   772
  459   606   596
  460   398   388
  461   317   307
  462   774   764
  463   234   224
  464   853   843
  465   332   322
  466   216   206
  467   850   840
  468   417   407
  469   985   975
  470   649   639
  471   411   401
  472   862   852
  473   101    91
  474   552   542
  475   337   327
  476    70    60
  477   340   330
  478   767   757
  479   192   182
  480    92    82
  481   613   603
  482   647   637
  483   803   793
  484   103    93
  485   625   615
  486   624   614
  487   743   733
  488   146   136
  489   874   864
  490   197   187
  491    26    16
  492   112   102
  493   873   863
  494   982   972
  495   997   987
  496   173   163
  497   316   306
  498   511   501
  499    44    34
  500   487   477
42384
