500
    1    79    85
    2    32    26
    3    47    48
    4    18    21
    5    26    22
    6    85    95
    7    33    43
    8    40    45
    9    45    55
   10    59    52
   11    17     9
   12    10     1
   13    24    22
   14    85    94
   15    45    38
   16    79    74
   17    24    15
   18    74    82
   19    60    67
   20    83    84
   21    89    99
   22    40    33
   23    84    82
   24    64    72
   25    82    74
   26    30    38
   27    66    56
   28    47    45
   29    90    95
   30    36    29
   31    99    99
   32    83    77
   33    94    97
   34    20    19
   35    52    42
   36     5     7
   37    26    22
   38    79    70
   39    95    98
   40    99   100
   41    35    45
   42    60    67
   43    77    72
   44    90    95
   45    19    13
   46    45    48
   47    80    87
   48    20    23
   49    34    29
   50    70    74
   51    48    40
   52    44    54
   53    63    67
   54    52    46
   55    18    10
   56    54    53
   57    86    91
   58    15    24
   59    35    30
   60    90    88
   61    85    90
   62    36    40
   63    50    49
   64    86    96
   65    56    65
   66    73    78
   67    60    70
   68    34    36
   69    25    22
   70    61    51
   71    28    23
   72    22    31
   73     7     8
   74    87    85
   75    61    53
   76    47    42
   77    95    92
   78    27    25
   79    77    86
   80     2    12
   81    49    59
   82    71    63
   83    80    88
   84    87    79
   85    84    87
   86     9    19
   87    57    61
   88    42    46
   89    87    92
   90    51    61
   91    19    14
   92    89    86
   93    37    30
   94    44    49
   95    95    94
   96    95    99
   97    95    91
   98    21    30
   99   107    98
  100    93    90
  101    77    75
  102    28    26
  103    78    72
  104    60    66
  105    56    51
  106    56    48
  107    88    85
  108    57    56
  109    73    64
  110    81    83
  111    95   100
  112    30    21
  113     3     7
  114    25    23
  115    18    11
  116    24    16
  117     9     9
  118   100    95
  119    52    43
  120    61    62
  121    76    85
  122    13    10
  123    81    81
  124    77    84
  125    10     3
  126    51    60
  127    50    49
  128    49    41
  129    76    72
  130    67    77
  131    58    59
  132     1     7
  133     1     8
  134    64    70
  135    28    30
  136     1     8
  137     7    11
  138    93   100
  139    46    39
  140    13    22
  141    85    85
  142    79    70
  143    85    89
  144    62    69
  145    33    43
  146    78    72
  147    32    28
  148    57    61
  149    31    38
  150    43    48
  151    40    47
  152    59    66
  153    94    91
  154    31    38
  155    94    95
  156    30    26
  157   100    96
  158    48    49
  159    51    55
  160    52    43
  161    84    87
  162    39    40
  163    68    64
  164     6    15
  165    42    35
  166    54    64
  167    65    60
  168    84    93
  169    64    63
  170    63    59
  171    51    60
  172    16    11
  173    66    62
  174    53    59
  175    54    60
  176    68    68
  177    53    48
  178    12    15
  179    73    76
  180    37    41
  181    98    89
  182    86    94
  183    16     6
  184    84    90
  185    85    78
  186    70    71
  187    40    32
  188    99    99
  189    31    37
  190    91    87
  191    79    72
  192    69    72
  193    91    98
  194     1     6
  195     2    11
  196    37    35
  197    32    25
  198    15    23
  199    68    64
  200    39    43
  201    30    32
  202     1     2
  203    33    40
  204    75    76
  205    20    12
  206     1     2
  207    52    54
  208     6    11
  209    70    73
  210     8     3
  211    57    50
  212    80    77
  213    11    20
  214     1     2
  215    12     3
  216    74    81
  217    16    10
  218    18    25
  219    19    19
  220    77    68
  221    24    27
  222    69    62
  223    98    91
  224     7     5
  225    50    57
  226     6     5
  227     9    17
  228    73    79
  229    77    85
  230    89    96
  231     1     7
  232    21    24
  233    16    22
  234    30    40
  235    78    75
  236     1     1
  237    97    91
  238    26    27
  239    37    30
  240    87    82
  241     1     3
  242    98    93
  243    22    15
  244    35    33
  245    73    64
  246     7    16
  247    54    63
  248    77    87
  249     1     6
  250    24    34
  251    32    40
  252   106   100
  253     1     6
  254    83    87
  255     1     5
  256    43    34
  257    96    98
  258    19    10
  259    16     9
  260    93    90
  261    64    61
  262    81    79
  263    63    60
  264    82    88
  265     1     9
  266     5     7
  267   105   100
  268    19    13
  269    70    70
  270    35    33
  271    70    73
  272    86    77
  273    95    97
  274    43    40
  275    25    27
  276    63    60
  277    38    40
  278    18     8
  279    85    90
  280    82    90
  281    13     6
  282    43    52
  283     2     1
  284    57    64
  285     8    10
  286    85    86
  287    93    93
  288    60    50
  289    98    94
  290    59    56
  291    30    36
  292    62    65
  293    82    86
  294    28    23
  295    92    84
  296    71    68
  297    31    40
  298    13    12
  299    97    87
  300     5     9
  301    43    46
  302    57    60
  303    17     7
  304    89    95
  305    14    21
  306    31    41
  307    28    21
  308    90    87
  309     1     1
  310    69    65
  311    21    27
  312    11    12
  313    30    24
  314    52    59
  315    52    43
  316    46    36
  317     4     6
  318    89    79
  319    11    16
  320    37    30
  321    97    96
  322     3     8
  323    68    69
  324    18    12
  325    12    11
  326    93    85
  327    57    67
  328    80    76
  329    51    55
  330    16    18
  331    55    53
  332   105    97
  333    36    46
  334    45    46
  335    14    15
  336    64    65
  337    17    12
  338    80    80
  339    64    58
  340    65    65
  341    81    91
  342    56    64
  343    14    15
  344     1     6
  345    12    22
  346    31    36
  347   102    93
  348    18    19
  349    34    35
  350     1     1
  351    24    22
  352    85    94
  353     3    10
  354    15    10
  355    41    50
  356    51    46
  357    19    29
  358    18     9
  359    19    20
  360    79    76
  361    63    59
  362   102    98
  363    77    74
  364    47    48
  365    98    99
  366    75    85
  367    46    46
  368    95    90
  369   103    97
  370     9    16
  371    46    37
  372    54    47
  373    99    93
  374    39    44
  375    33    38
  376    71    67
  377    81    80
  378    59    55
  379    65    65
  380    26    26
  381    61    64
  382    49    49
  383    23    26
  384    25    21
  385     2     1
  386    22    21
  387    11    13
  388    93    88
  389    84    79
  390    84    90
  391    79    88
  392    66    63
  393    10    20
  394   101   100
  395    15    22
  396    56    55
  397    70    77
  398    56    53
  399    96   100
  400    21    27
  401    16    18
  402    41    47
  403    12    15
  404    11    13
  405    16    24
  406     1     2
  407    97    99
  408    70    80
  409    72    76
  410    12    16
  411    22    12
  412    20    29
  413    11    10
  414    82    86
  415    78    85
  416    19    16
  417    44    52
  418    89    94
  419    68    58
  420    25    21
  421    56    47
  422    47    44
  423    90    83
  424    67    61
  425    10    14
  426    25    31
  427     9     8
  428    69    65
  429   106    96
  430   105    99
  431    54    52
  432    69    59
  433    42    35
  434    24    14
  435    51    44
  436     9     6
  437    49    59
  438    33    37
  439    37    47
  440     8     8
  441    13     7
  442    52    62
  443    72    65
  444    12     7
  445    65    57
  446     9    17
  447    97    98
  448    15    18
  449    92   100
  450    82    88
  451     3     2
  452    63    67
  453    81    90
  454    50    49
  455     3     8
  456    81    76
  457    47    48
  458    93    92
  459    90    93
  460    63    63
  461    72    63
  462    75    83
  463    76    79
  464    20    16
  465    86    78
  466    60    59
  467    66    68
  468    90    95
  469    99    96
  470    74    71
  471    15    22
  472    54    64
  473    52    44
  474     1     5
  475    72    65
  476    34    29
  477    73    64
  478    59    54
  479    68    70
  480    85    88
  481    51    57
  482    58    68
  483    25    21
  484    10    19
  485    64    71
  486    69    75
  487    26    16
  488    61    62
  489    26    35
  490    38    38
  491    86    96
  492    72    81
  493    28    18
  494    41    45
  495    43    52
  496   105    96
  497    21    13
  498    35    38
  499    39    34
  500    92    88
4272
