500
    1   446   204
    2   319   448
    3   420   154
    4   300   363
    5   406   428
    6   441   294
    7    70   301
    8    60   108
    9   295   269
   10    83    70
   11    95     8
   12   195   183
   13   463   196
   14   242   116
   15   171    61
   16   352   301
   17   358   481
   18   182   396
   19   387   497
   20   106   458
   21   470   237
   22   455   344
   23    52   156
   24   264   331
   25   493   465
   26   363   132
   27    88    70
   28   220   136
   29   482   310
   30   261   171
   31   293   398
   32   296   300
   33   372   240
   34   347   117
   35   268   244
   36   285   109
   37   241   448
   38   187    53
   39   339   160
   40   408    59
   41   320   451
   42   442   402
   43    18   230
   44   127   134
   45    23   231
   46   375    47
   47    13   358
   48     1    26
   49    93   159
   50   186   168
   51   235     7
   52   239   152
   53   251   289
   54   129   464
   55   232    81
   56    18    88
   57    51   409
   58   492    31
   59   212   472
   60   487    54
   61    48   209
   62   454    87
   63   166   180
   64   398   303
   65    99   380
   66   153   340
   67   261   465
   68   470   115
   69   253   220
   70   438   270
   71   317   222
   72   455   378
   73   181   406
   74   154   303
   75   107   392
   76    18    57
   77     2   115
   78   265    51
   79    20   337
   80   368   183
   81     3   366
   82   318   122
   83   406    99
   84   254   422
   85    17   226
   86   177    38
   87   302   284
   88   459   140
   89   284   130
   90    71   275
   91   246   497
   92     2   489
   93   186   477
   94   273    72
   95   272   200
   96   387    57
   97   101   117
   98   104   353
   99    41   264
  100   465   128
  101   301   421
  102   254   472
  103   403   398
  104   166   388
  105   115   141
  106   115   134
  107    74   115
  108   401   455
  109     2    35
  110    57   237
  111   458   395
  112   254   163
  113     2   169
  114   412   309
  115   370   377
  116   321    67
  117    35    43
  118    77    65
  119    70   261
  120   135   429
  121   126    64
  122     7   417
  123   490   232
  124    87    39
  125   348    53
  126   161   351
  127   289    24
  128   322   460
  129   312    91
  130   213    55
  131    35   406
  132   487   465
  133   368    47
  134   291    20
  135   190   293
  136   308   302
  137   321   149
  138   490   203
  139   311   466
  140   210   340
  141   278   283
  142   489   301
  143   126   211
  144   360    51
  145   192   153
  146   263   130
  147   269   470
  148   463    31
  149   157   145
  150   491   330
  151   301   393
  152   307   241
  153   480   262
  154   480   464
  155   437   410
  156   324   204
  157   318   390
  158   277   271
  159   280    38
  160   321   113
  161    23   465
  162   142   175
  163   186   230
  164   321   366
  165   453   285
  166   113   474
  167   179   375
  168   116   252
  169    58   254
  170   361   393
  171   311   235
  172    98   222
  173   230   397
  174   226    62
  175   271   471
  176   352    27
  177   139   166
  178   206    17
  179   278   366
  180   165   188
  181   275    87
  182   414   161
  183    21    44
  184    29   284
  185   125   465
  186    50    85
  187   349   474
  188   112   281
  189   304   372
  190   355    29
  191   157   102
  192   192   331
  193   370   196
  194   276   104
  195   132   417
  196   414    78
  197   141   224
  198   360   190
  199   315   263
  200   300   309
  201   156   335
  202   262   353
  203    68   255
  204   194   483
  205   486   431
  206   317   117
  207   491   436
  208   368    90
  209   454    71
  210   383    49
  211   113   420
  212   201   348
  213   485    31
  214   209    81
  215   224   390
  216   151   283
  217   127   216
  218   141   188
  219   420   173
  220   443    42
  221   182   110
  222   431   489
  223   388   461
  224    37   172
  225   413    28
  226    52   276
  227   420    15
  228   370   277
  229   381   343
  230   125   103
  231   308    77
  232    83   342
  233   318   149
  234   204   354
  235   124   213
  236   237   436
  237    11   221
  238    85    49
  239    58   293
  240    15   141
  241   389   173
  242   137   315
  243   242   497
  244   364   371
  245   388   398
  246   146   155
  247   348   138
  248    15   114
  249   153   112
  250   382    96
  251   468     7
  252    86    11
  253   264   449
  254    43   378
  255   133   103
  256   161   269
  257   148   176
  258   404   116
  259   363   231
  260   481    33
  261   477   159
  262   314    37
  263   468   107
  264   330     7
  265    13   171
  266    31   454
  267    50   142
  268   311   192
  269   383   429
  270   229   499
  271   382   100
  272   141   139
  273   396   440
  274   161   499
  275    46   413
  276     7    58
  277   370   359
  278   401    54
  279   159    33
  280    43   280
  281   320   425
  282     3   306
  283    35   347
  284    31   115
  285   423   288
  286   328   101
  287   108   107
  288   201   449
  289   263   113
  290    74   215
  291   171   194
  292   375   104
  293   442    76
  294   389   390
  295   142   423
  296   263   335
  297    11   206
  298    71   174
  299   461   354
  300   359   484
  301    64   176
  302   487   107
  303   336   254
  304   218    45
  305   396   455
  306   253   472
  307   259   159
  308    53    25
  309   269   364
  310   268   283
  311   496   250
  312   110   430
  313   130   490
  314   414    42
  315   348   358
  316   116    82
  317   125   153
  318   303   145
  319   474    34
  320   407    33
  321   418    74
  322   117    43
  323    41   308
  324   188   322
  325   463   317
  326   253   443
  327   166   226
  328   155    87
  329    45   294
  330   368   493
  331   275   160
  332   448   247
  333   348   329
  334    54   108
  335   133   414
  336    26   155
  337    11    23
  338   107     3
  339   366   300
  340    14   124
  341    51   249
  342   196   478
  343   235   374
  344   192   248
  345   497   396
  346   125    75
  347    91    32
  348   475    30
  349   384    41
  350   426    71
  351    57   484
  352   401    76
  353   438   408
  354   201   296
  355   206    40
  356   333   273
  357    23    47
  358   370   231
  359   484   135
  360   391   330
  361   320   142
  362   306   253
  363    99   281
  364   135   138
  365   125   250
  366   423    47
  367   467   253
  368   473    32
  369   163   331
  370   185   375
  371   404    40
  372   474    50
  373   486   248
  374   322   490
  375   308   116
  376   181   497
  377     3   159
  378   186   366
  379   140   248
  380    46   125
  381    23   231
  382   359   299
  383   215   216
  384   426   343
  385   302    19
  386   442   239
  387   305   363
  388   288   346
  389   456   274
  390    72   284
  391   476    63
  392   422    61
  393   399   471
  394    18    66
  395    74   128
  396    81   181
  397   282   496
  398   276   196
  399   336    94
  400   456   149
  401   274   140
  402   277    69
  403   492   442
  404   189   327
  405   353   318
  406   120   420
  407    44   378
  408   297   146
  409    46   326
  410    44   206
  411   324   283
  412   308   443
  413    98   245
  414   405   365
  415   139    91
  416   186   486
  417   273   131
  418   357   276
  419   206   400
  420   307   396
  421    33   257
  422    55     3
  423   254   477
  424    99   404
  425   337     8
  426   386   109
  427   474    58
  428   487   256
  429   455    10
  430    58   498
  431   187   339
  432   185   402
  433   450   474
  434    14   205
  435   110   415
  436   135   445
  437   288   486
  438   120   284
  439   157    86
  440   284   179
  441   385   126
  442   211    36
  443   221   284
  444   441   330
  445   341   127
  446    36   144
  447    41   309
  448    17   173
  449   365   167
  450   188   175
  451   348   305
  452   325   261
  453   194   477
  454   215   251
  455   407    98
  456   216   166
  457   248    67
  458   316   198
  459   229   423
  460    19   330
  461   408   141
  462   194   314
  463   468   389
  464   190   130
  465    98    76
  466   284   102
  467    46   458
  468   284   366
  469   172   494
  470   285   109
  471   268   320
  472    91   487
  473   200   154
  474   340   356
  475   193   160
  476   153   351
  477   200   147
  478   476    24
  479    25   117
  480   252   259
  481   381   135
  482   241   499
  483   446   227
  484    82     6
  485   316   161
  486   469   233
  487   174   190
  488   400   252
  489   311     9
  490   375   205
  491   401   239
  492   339   363
  493   142   161
  494    71   483
  495    67   439
  496   170   402
  497   134   131
  498   335    49
  499    52   472
  500    89   490
39796
