100
    1   414   345
    2   642   693
    3   524   467
    4   172   100
    5   182   141
    6   313   291
    7   586   670
    8   809   781
    9     1    46
   10    62    59
   11   363   357
   12   117   100
   13   404   493
   14   702   661
   15   270   206
   16   199   254
   17   271   310
   18   451   425
   19   219   258
   20   389   407
   21   638   614
   22   327   313
   23   988   901
   24   576   496
   25   419   350
   26    33   121
   27   751   795
   28   588   617
   29   491   439
   30    79   104
   31   853   795
   32   189   141
   33   624   525
   34   409   414
   35   136    45
   36   729   762
   37   670   749
   38   522   518
   39   690   637
   40  1039   976
   41   321   416
   42   606   523
   43   217   247
   44   852   759
   45   443   416
   46   719   644
   47   365   395
   48   305   379
   49   243   216
   50   597   657
   51   823   792
   52   527   497
   53   975   934
   54    36     5
   55   897   970
   56   621   657
   57  1047   994
   58   301   348
   59   305   309
   60   468   539
   61   743   798
   62   935   932
   63   242   145
   64   961   868
   65  1003   909
   66   857   869
   67   964   902
   68   757   768
   69   770   717
   70   124   211
   71   992   919
   72   897   919
   73   786   703
   74   273   240
   75   628   617
   76   307   386
   77   954   860
   78   651   556
   79   387   290
   80   194   220
   81   457   527
   82    77    39
   83   977   972
   84   508   555
   85   621   655
   86   584   579
   87   294   329
   88   484   581
   89   441   507
   90    59   156
   91   549   462
   92    31    46
   93   139   166
   94   745   665
   95   905   865
   96   930   926
   97   264   218
   98   850   898
   99   414   493
  100   771   805
34230
