500
    1    99    45
    2    96    93
    3    29    67
    4    65   100
    5    23    41
    6     2    91
    7    99    70
    8     1    81
    9    96    46
   10     4    59
   11     4    57
   12    20   100
   13     8    93
   14    27    61
   15    48     6
   16    17    54
   17    11    10
   18    15    25
   19    20    58
   20    79     7
   21    91    14
   22     4    13
   23     1     1
   24    93    96
   25    46    50
   26    44    21
   27    73    95
   28    21    17
   29    63    39
   30    94     4
   31    86    95
   32     5    41
   33     5    25
   34    12    14
   35    41    45
   36    70    62
   37    50    49
   38   100    18
   39    64    37
   40    97    76
   41    13    16
   42    95    23
   43    39    47
   44    48    59
   45     4    16
   46    68    44
   47    58    95
   48    34    79
   49    78    16
   50    27    57
   51   100    92
   52    80    97
   53    24    34
   54     6     5
   55    53    70
   56    19    57
   57    24    94
   58    29    48
   59    69     9
   60    36    39
   61    45    98
   62    35    32
   63    71    45
   64    39    68
   65    12     9
   66    34    69
   67    66     2
   68    11    68
   69    70    17
   70    15    11
   71    78    19
   72     4    19
   73    70     3
   74    79    40
   75   100    17
   76    87    86
   77    35    60
   78    22    56
   79    13    90
   80    21    20
   81    76    27
   82    79    39
   83     3    72
   84    87    55
   85    14    55
   86    82    79
   87    23    29
   88    88    81
   89    93     7
   90   100    56
   91    27    62
   92    55    46
   93    87    66
   94    62    65
   95    65    65
   96    72    26
   97    78    18
   98    69    98
   99    38    93
  100    46     5
  101    82    62
  102    15    17
  103    36    55
  104     3    37
  105    56    26
  106    72     3
  107    55    76
  108    42   100
  109    19    28
  110    62    98
  111     3    84
  112    23    96
  113    99    42
  114    45    34
  115    87    62
  116    70    20
  117    72    12
  118    22     6
  119    11    98
  120    60    62
  121    39    25
  122    84    82
  123     3    33
  124    68    48
  125    53    54
  126    98    80
  127    74    73
  128    51    97
  129    65    76
  130    74    60
  131    64    47
  132    96    78
  133    61    76
  134    12    17
  135    31    70
  136    65    91
  137    22    26
  138    55    56
  139    60    23
  140    79    29
  141    27    76
  142    62    62
  143    43     8
  144    73    68
  145    25    74
  146    16    99
  147    26     3
  148    52    24
  149    38     6
  150    44    95
  151    34    82
  152    60    38
  153    73    51
  154    29    17
  155    54    39
  156    37    61
  157    47    27
  158    82    68
  159    25     3
  160    82    58
  161    44    70
  162     7    96
  163    23    63
  164    94    71
  165    94    34
  166    78    95
  167     8    56
  168    97    21
  169    35    87
  170    30    10
  171    64    36
  172    71    43
  173    23    18
  174    15    15
  175     8    92
  176    81    44
  177   100     3
  178    19    74
  179    83    99
  180    70    81
  181    44    36
  182    47    90
  183    62    21
  184    54    73
  185    74    38
  186    67    14
  187    50    59
  188    85    98
  189    41    41
  190    32    18
  191    62    15
  192    13    48
  193    23    45
  194    97     1
  195    37    30
  196    91    63
  197    10    21
  198     5    27
  199    60    56
  200    17    42
  201    21    92
  202    51     2
  203    25    84
  204    27    92
  205     3    20
  206     2    50
  207    16     1
  208    69    95
  209    63    72
  210    96    46
  211     6    57
  212    46    89
  213    82   100
  214    54    42
  215    89    63
  216     4    88
  217    60    29
  218    86    13
  219    45    30
  220    28    43
  221    79    23
  222    16    90
  223    17    50
  224    78    53
  225    98    65
  226    25    65
  227    41    12
  228    87    26
  229    98     8
  230    50    64
  231    45    18
  232    64    83
  233    91     2
  234    49    35
  235    41    42
  236    54    53
  237   100    86
  238    82    42
  239    11    70
  240    84    58
  241    94    62
  242    30    12
  243    99    62
  244    25   100
  245    89    67
  246    87    80
  247    49    39
  248    16    67
  249    58    29
  250    87    21
  251    17    88
  252    11    84
  253    85    38
  254   100    63
  255    74    48
  256    74    86
  257    89    85
  258    69    77
  259    80    76
  260    26    66
  261     2     4
  262    67    58
  263    21   100
  264    63    48
  265    18    48
  266    84    47
  267    47    27
  268    20     1
  269     4    94
  270    34    32
  271    27    53
  272    10    12
  273    25    25
  274     6    64
  275    75    38
  276    60    51
  277    43   100
  278    82    99
  279     4    18
  280    28     9
  281    81    62
  282    72    15
  283    20    40
  284     4    64
  285    52    97
  286     9    30
  287    77    36
  288    26    50
  289    64     2
  290    15    84
  291    48    63
  292    88    81
  293    79    57
  294    34    71
  295    31   100
  296    48    16
  297    76    39
  298     8    95
  299    10    91
  300    88    33
  301    45    37
  302    24    52
  303     9    95
  304    55    46
  305    53    24
  306    22    33
  307     8    84
  308    22     2
  309    78    41
  310    89    24
  311    93    99
  312    23    19
  313    91    19
  314    67     7
  315    85    87
  316    13    27
  317    58    50
  318    84    78
  319    51    23
  320    72    90
  321    63    83
  322    62    12
  323    78    85
  324    57    43
  325    52    30
  326     2     8
  327    59    39
  328     8     8
  329    98    71
  330    29    94
  331    16    77
  332     1   100
  333    85    98
  334    83    85
  335    90    11
  336    95    84
  337    32    92
  338    60    48
  339    11    81
  340    27    93
  341    92    66
  342    65    11
  343    36    39
  344    41    81
  345    50    49
  346    98    48
  347    60    57
  348    52    51
  349    37     6
  350    71    12
  351    50    57
  352    70    41
  353    35    57
  354    74    17
  355    39    25
  356    46    30
  357   100    32
  358    47    76
  359    45    64
  360    40    39
  361    45     7
  362    55    62
  363    80    42
  364    44    71
  365    74     3
  366    80    20
  367    40    66
  368    18    17
  369     8    48
  370    78    44
  371    13    45
  372    11    55
  373    55    53
  374    51    79
  375    17    77
  376    90    62
  377    44    16
  378    91    83
  379    33    17
  380    35    70
  381    76    64
  382    60   100
  383    52    49
  384     3    92
  385    43    56
  386     7    72
  387     2    12
  388    37    15
  389    45    15
  390     5    21
  391    17     8
  392    59    58
  393    32    20
  394    35    51
  395    99    89
  396    50    86
  397    23    81
  398    85    77
  399    73    83
  400    61    42
  401    87    33
  402    14    14
  403    65    47
  404    74     4
  405    30    55
  406    77     9
  407     5    83
  408    50    31
  409    79    75
  410    57    87
  411    37    28
  412    13    76
  413    99    14
  414    86    74
  415    72    56
  416    11    23
  417    26    88
  418    26    41
  419    23    85
  420    32    45
  421     2    30
  422    32    72
  423    83    66
  424    76    41
  425    70    97
  426    19    18
  427    59     7
  428    48    37
  429    28    91
  430    23    95
  431    16    16
  432    22    35
  433    99    51
  434    39    38
  435    79     8
  436    48    22
  437    97    39
  438    85    77
  439    18    11
  440    25    72
  441    66    11
  442    32    33
  443    10    73
  444    42    71
  445    50    68
  446     5    49
  447    90    78
  448    18    82
  449    74     4
  450    65    48
  451    73    58
  452    66    98
  453    99    46
  454    76     4
  455    84    79
  456    49    95
  457    77     4
  458    85    11
  459    50    84
  460    76    11
  461    21    98
  462    47    79
  463    85    10
  464    71    59
  465    83    25
  466    37    91
  467    31    87
  468     1    55
  469    29    87
  470    90    86
  471    73    65
  472    84    84
  473    37    23
  474    81     5
  475    78     1
  476    58    96
  477    97    12
  478    69    13
  479    38    10
  480    97    48
  481    22    92
  482    74    64
  483    51    40
  484    31    79
  485    53    38
  486    14     2
  487    51    87
  488    69    81
  489    32    54
  490    20    38
  491    94    24
  492    24    28
  493    19    94
  494    32    12
  495    92    64
  496    43    63
  497    79    16
  498    48    18
  499     5     1
  500    38    47
16802
