100
    1   214   204
    2   456   446
    3   458   448
    4   329   319
    5   164   154
    6   430   420
    7   373   363
    8   310   300
    9   438   428
   10   416   406
   11   304   294
   12   451   441
   13   311   301
   14    80    70
   15   118   108
   16    70    60
   17   279   269
   18   305   295
   19    80    70
   20    93    83
   21    18     8
   22   105    95
   23   193   183
   24   205   195
   25   206   196
   26   473   463
   27   126   116
   28   252   242
   29    71    61
   30   181   171
   31   311   301
   32   362   352
   33   491   481
   34   368   358
   35   406   396
   36   192   182
   37   507   497
   38   397   387
   39   468   458
   40   116   106
   41   247   237
   42   480   470
   43   354   344
   44   465   455
   45   166   156
   46    62    52
   47   341   331
   48   274   264
   49   475   465
   50   503   493
   51   142   132
   52   373   363
   53    80    70
   54    98    88
   55   146   136
   56   230   220
   57   320   310
   58   492   482
   59   181   171
   60   271   261
   61   408   398
   62   303   293
   63   310   300
   64   306   296
   65   250   240
   66   382   372
   67   127   117
   68   357   347
   69   254   244
   70   278   268
   71   119   109
   72   295   285
   73   458   448
   74   251   241
   75    63    53
   76   197   187
   77   170   160
   78   349   339
   79    69    59
   80   418   408
   81   461   451
   82   330   320
   83   412   402
   84   452   442
   85   240   230
   86    28    18
   87   144   134
   88   137   127
   89   241   231
   90    33    23
   91    57    47
   92   385   375
   93   368   358
   94    23    13
   95    36    26
   96    11     1
   97   169   159
   98   103    93
   99   178   168
  100   196   186
8398
