500
    1    94   485
    2     6   326
    3   416   248
    4   492   421
    5   149   322
    6   237   295
    7   457    43
    8   315   345
    9   446   455
   10   422   252
   11   291     9
   12   359   401
   13   167   122
   14    98    94
   15     7   238
   16    44    74
   17   334   215
   18   266   382
   19   494   367
   20   393   484
   21   133   299
   22   131   433
   23   428   182
   24   200    72
   25   117   374
   26   374   138
   27   220   356
   28   419   145
   29   294   495
   30   196    29
   31   497   199
   32   116   277
   33   408    97
   34    39   219
   35   207   242
   36    69   107
   37    37   122
   38   431    70
   39   226    98
   40   487   100
   41   272   145
   42    13   267
   43    81   472
   44   443   395
   45    58   213
   46   303   248
   47   264   487
   48    36   423
   49   224    29
   50   289   174
   51   479    40
   52   142    54
   53   339   467
   54   141    46
   55   196   210
   56   494    53
   57    66   191
   58   324   224
   59   208   230
   60   211   488
   61   300    90
   62   314   340
   63   289    49
   64   401   196
   65   466   365
   66   189   178
   67   333    70
   68   225   436
   69   244   222
   70   349   151
   71   113   123
   72   379   431
   73   361     8
   74    65    85
   75   486   353
   76   186   142
   77   286   492
   78   389   225
   79    24   286
   80   491   312
   81   391   359
   82    90   163
   83   181    88
   84   214   179
   85    17   187
   86   472   119
   87   418   261
   88   419   346
   89   356   192
   90   182   261
   91   306    14
   92   201   386
   93   385    30
   94   452   349
   95   500   294
   96   194   299
   97   237   391
   98   324   330
   99   492   298
  100   224   290
  101   260   275
  102    97   326
  103   210    72
  104   149   366
  105   419   451
  106    63   248
  107   458   185
  108   304   456
  109    18    64
  110   428   183
  111    37   400
  112   346   221
  113   153   207
  114   471   323
  115   162   111
  116   197   116
  117    91   109
  118    29   295
  119   126   343
  120   247   362
  121   469   185
  122   270    10
  123   434   381
  124   223   484
  125   395   403
  126    68   360
  127   172   449
  128   458    41
  129   383   272
  130   308   377
  131   470   359
  132    83   207
  133    48   308
  134   430   270
  135    69    30
  136     3   208
  137    20   311
  138   109   100
  139   387   439
  140   325   422
  141   430   285
  142   404   370
  143   241   489
  144   379   469
  145   376   143
  146   462   472
  147   389    28
  148   443    61
  149   216   138
  150   338   348
  151   160   347
  152   406    66
  153   159   391
  154    31   138
  155   204   295
  156   420   326
  157   153   196
  158   425   449
  159   331   355
  160    65   143
  161   338   487
  162     9   140
  163   418    64
  164    33   115
  165   232   135
  166   457    64
  167    91   360
  168    76   293
  169   246   163
  170   377   359
  171   358   260
  172    86   211
  173   434   162
  174    58   159
  175   279   160
  176   340   268
  177   235   448
  178    74   315
  179   126   176
  180   412   341
  181   239   189
  182   321   394
  183   125   206
  184   417   490
  185   201   478
  186   493   171
  187   149   432
  188    52   399
  189   259   237
  190   267   187
  191   256   472
  192   283   272
  193   117    98
  194    16   406
  195   180   411
  196    25   135
  197   380   225
  198   212   323
  199   266   164
  200   216   343
  201   448   232
  202    41     2
  203   164   240
  204   454    76
  205   226   112
  206   272   402
  207    31   454
  208   443   411
  209   250   473
  210   327   203
  211   417   350
  212     5    77
  213   113   220
  214   413   302
  215   291   403
  216   498   181
  217   359    10
  218   345    25
  219   431   419
  220   175   168
  221   333    27
  222   438   462
  223    23   291
  224   416   105
  225   420   457
  226   115   405
  227   160   417
  228   261   279
  229   272   185
  230   388    96
  231   264   307
  232   343   224
  233   206   322
  234   407   340
  235   139   475
  236   352   401
  237    42    91
  238    60   327
  239   257   330
  240    82   182
  241   137   103
  242    93   293
  243   114   115
  244   136   233
  245   187   364
  246   102    16
  247   472   363
  248   163   487
  249     1   306
  250   477    34
  251   492   340
  252   121   200
  253    80   206
  254   138   287
  255   160   105
  256   229   334
  257   327   298
  258   448   310
  259   230   109
  260   332   190
  261   489    61
  262    86    79
  263   291    60
  264   165   388
  265   160   309
  266   202   407
  267   153   200
  268   106   313
  269   123   470
  270   253    33
  271   209   273
  272   332   277
  273   108   497
  274   388    40
  275   481   227
  276   283   360
  277   358   440
  278   284   108
  279   211   490
  280   350    90
  281   239   306
  282   443    52
  283   195   301
  284    95   264
  285   410   210
  286   164   386
  287   400    93
  288   112    50
  289   463   494
  290   254   156
  291   458   436
  292    19   465
  293   225    86
  294    69   223
  295    97   184
  296   194   368
  297   254   340
  298   102   412
  299    61   487
  300   195   209
  301   347   346
  302   219   360
  303   100   307
  304    97    95
  305   343   321
  306   245   441
  307   286   321
  308   492    87
  309   116   201
  310    31   165
  311   424    27
  312   253   312
  313   426   424
  314   413   459
  315   480   343
  316   291   336
  317   333     6
  318   486   179
  319     9   416
  320    75   430
  321   422    96
  322   145   308
  323   397   269
  324   404    12
  325   242   311
  326   228   185
  327   269    67
  328   103   276
  329   245   355
  330    35   218
  331   279   353
  332    71    97
  333    80   146
  334   342   246
  335   128    15
  336   441   465
  337   227    12
  338    30   480
  339   342   458
  340   105   165
  341    31   191
  342   364   464
  343   359    15
  344   367   106
  345   320   322
  346   313    36
  347   207   193
  348   411    19
  349   308   335
  350   430   101
  351   185   422
  352   141   294
  353   113   410
  354   141   410
  355   190   250
  356   200    46
  357    59   229
  358   481   109
  359     3   220
  360   266   476
  361     7   259
  362   382   298
  363   359    74
  364   182   148
  365   425   299
  366    42   285
  367   183   346
  368   353   390
  369   438   397
  370    89   416
  371   124   337
  372   181   247
  373   378   293
  374   433   144
  375    80   438
  376   252   467
  377   207   480
  378   158   455
  379    20   165
  380   454    26
  381   347    64
  382   259   449
  383   446    26
  384    14    21
  385   157   301
  386   210   321
  387   480   113
  388   188   388
  389   136   379
  390   203   490
  391   432   188
  392   129   463
  393   130   320
  394     9   300
  395   237   322
  396   373   255
  397   338   277
  398   395   153
  399   192   400
  400   103   227
  401   218    18
  402   384   447
  403   431   315
  404   396   313
  405   389   324
  406   140     2
  407   287   299
  408   297   280
  409   477   376
  410    12    16
  411   219   212
  412    55   329
  413   398   310
  414   289   486
  415   298   485
  416    98   416
  417    49   452
  418    72   394
  419   197   358
  420   270    21
  421   225   147
  422    42    44
  423   214   183
  424   387   361
  425    45   314
  426    94   231
  427   282     8
  428    82   165
  429   319   496
  430   126   199
  431   146   352
  432    41   459
  433   374    35
  434   225   314
  435   277   444
  436    54   306
  437   208   459
  438   287   137
  439   476   447
  440   412   408
  441   444   107
  442     3   462
  443   301    65
  444   164   407
  445   437   357
  446   152   317
  447   264    98
  448    41   318
  449   237   100
  450   176   288
  451   136   402
  452   128    67
  453   394   190
  454   235   249
  455    42   408
  456   324   276
  457   184   248
  458   479    92
  459    68   393
  460   367   363
  461    52   163
  462   142   483
  463   335   179
  464   126    16
  465   130   478
  466    83   259
  467   129   368
  468   252   295
  469   167    96
  470   356    71
  471   140   122
  472   270   364
  473   431   144
  474   195     5
  475   448   365
  476   201   429
  477   452    64
  478   380   354
  479   168   270
  480    79    88
  481   461   157
  482   472   368
  483   217   421
  484   209   219
  485   147   271
  486   296   475
  487   409   316
  488   264   462
  489   251    35
  490   378   438
  491   253   196
  492    70   381
  493   253   318
  494   166    45
  495   431    52
  496   433   496
  497   310   313
  498   178   138
  499   123   334
  500   212   488
21655
