100
    1   482   485
    2   257   326
    3   286   248
    4   517   421
    5   404   322
    6   713   795
    7    45    43
    8   924   845
    9   873   955
   10   160   252
   11     1     9
   12   838   901
   13    40   122
   14    58    94
   15   676   738
   16   627   574
   17   766   715
   18   862   882
   19   405   367
   20   923   984
   21   379   299
   22   461   433
   23   612   682
   24   133    72
   25   813   874
   26    97   138
   27   908   856
   28   165   145
   29   996   995
   30   623   529
   31   220   199
   32   298   277
   33   157    97
   34   723   719
   35   144   242
   36    48   107
   37   129   122
   38   148    70
   39    35    98
   40   644   600
   41   632   645
   42   272   267
   43  1040   972
   44   977   895
   45   312   213
   46   778   748
   47   567   487
   48   965   923
   49     1    29
   50   616   674
   51   569   540
   52   628   554
   53   493   467
   54    76    46
   55   733   710
   56   575   553
   57   288   191
   58   775   724
   59   723   730
   60   912   988
   61    64    90
   62   354   340
   63   565   549
   64   210   196
   65   922   865
   66   775   678
   67   566   570
   68   934   936
   69   626   722
   70   742   651
   71   194   123
   72   485   431
   73   483   508
   74   617   585
   75   876   853
   76   653   642
   77   896   992
   78   652   725
   79   220   286
   80   727   812
   81   900   859
   82   563   663
   83    56    88
   84   157   179
   85   280   187
   86   537   619
   87   284   261
   88   920   846
   89   124   192
   90   239   261
   91   459   514
   92   931   886
   93   504   530
   94   910   849
   95   382   294
   96   795   799
   97   485   391
   98   351   330
   99   289   298
  100   865   790
8396
