100
    1   495   485
    2   104    94
    3   336   326
    4   516   506
    5   258   248
    6   426   416
    7   431   421
    8  1002   992
    9   332   322
   10   659   649
   11   805   795
   12   247   237
   13    53    43
   14   467   457
   15   855   845
   16   825   815
   17   965   955
   18   456   446
   19   262   252
   20   432   422
   21    19     9
   22   801   791
   23   911   901
   24   369   359
   25   132   122
   26   677   667
   27   104    94
   28   608   598
   29   748   738
   30    17     7
   31   584   574
   32   554   544
   33   725   715
   34   344   334
   35   892   882
   36   776   766
   37   377   367
   38  1004   994
   39   994   984
   40   903   893
   41   309   299
   42   643   633
   43   443   433
   44   141   131
   45   692   682
   46   438   428
   47    82    72
   48   710   700
   49   884   874
   50   627   617
   51   148   138
   52   884   874
   53   866   856
   54   730   720
   55   155   145
   56   429   419
   57  1005   995
   58   804   794
   59   539   529
   60   206   196
   61   209   199
   62  1007   997
   63   287   277
   64   126   116
   65   107    97
   66   918   908
   67   729   719
   68   549   539
   69   252   242
   70   717   707
   71   117   107
   72   579   569
   73   132   122
   74   547   537
   75    80    70
   76   941   931
   77   108    98
   78   736   726
   79   610   600
   80   497   487
   81   655   645
   82   782   772
   83   277   267
   84   523   513
   85   982   972
   86    91    81
   87   905   895
   88   953   943
   89   223   213
   90    68    58
   91   758   748
   92   313   303
   93   497   487
   94   774   764
   95   933   923
   96   546   536
   97    39    29
   98   734   724
   99   684   674
  100   799   789
8664
