100
    1   284   274
    2   457   447
    3    81    71
    4   493   483
    5    71    61
    6   435   425
    7   168   158
    8   119   109
    9    45    35
   10    24    14
   11   302   292
   12   508   498
   13    70    60
   14    44    34
   15   380   370
   16   314   304
   17    94    84
   18   505   495
   19   399   389
   20   253   243
   21    16     6
   22   410   400
   23   476   466
   24    42    32
   25   429   419
   26   122   112
   27   149   139
   28    45    35
   29   393   383
   30   346   336
   31    37    27
   32   319   309
   33   406   396
   34   245   235
   35   421   411
   36   109    99
   37   138   128
   38   437   427
   39   443   433
   40   476   466
   41   186   176
   42   464   454
   43   264   254
   44   290   280
   45   289   279
   46   187   177
   47    99    89
   48   339   329
   49   417   407
   50   380   370
   51   137   127
   52   213   203
   53   443   433
   54   467   457
   55   136   126
   56    30    20
   57   134   124
   58    33    23
   59   472   462
   60   187   177
   61   106    96
   62   100    90
   63   480   470
   64   135   125
   65   392   382
   66   199   189
   67    26    16
   68   166   156
   69   405   395
   70   190   180
   71   270   260
   72   364   354
   73   433   423
   74   456   446
   75    45    35
   76   454   444
   77   233   223
   78   461   451
   79    27    17
   80   486   476
   81   268   258
   82    27    17
   83   398   388
   84    28    18
   85   499   489
   86   112   102
   87    30    20
   88   174   164
   89   408   398
   90   349   339
   91   355   345
   92   106    96
   93   386   376
   94   419   409
   95   286   276
   96   327   317
   97   448   438
   98   119   109
   99   173   163
  100   240   230
12626
