500
    1   299   345
    2   296   193
    3   429   467
    4    65   100
    5   123   141
    6   202   291
    7   499   170
    8   401   281
    9   196    46
   10   404    59
   11   204   357
   12   220   100
   13   408   493
   14   327   161
   15   148   206
   16   117   254
   17   111   310
   18    15   425
   19   320   258
   20   179   407
   21   291   114
   22   104   313
   23   301   401
   24   393   496
   25   246   350
   26    44   121
   27   473   295
   28   321   117
   29    63   439
   30    94   104
   31   386   295
   32   305   141
   33     5    25
   34   112   414
   35   241    45
   36    70   262
   37   150   249
   38   200    18
   39    64   137
   40   397   476
   41   213   416
   42    95    23
   43    39   247
   44   348   259
   45   304   416
   46   168   144
   47   158   395
   48   134   379
   49   478   216
   50   127   157
   51   100   292
   52    80   497
   53   224   434
   54   106     5
   55   453   470
   56   419   157
   57   224   494
   58   329   348
   59   369   309
   60   336    39
   61    45   298
   62   235   432
   63   271   145
   64    39   368
   65    12   409
   66   434   369
   67   266   402
   68   311   268
   69   270   217
   70   115   211
   71    78   419
   72   404   419
   73   470   203
   74   479   240
   75   200   117
   76   387   386
   77   435   360
   78   222    56
   79    13   290
   80   121   220
   81   376    27
   82   479    39
   83     3   472
   84   187    55
   85   314   155
   86   382    79
   87   423   329
   88   188    81
   89   493     7
   90   200   156
   91   127   462
   92   455    46
   93   287   166
   94    62   165
   95   465   365
   96   272   426
   97   478   218
   98   369   398
   99   138   493
  100   446   305
  101   382   362
  102   215   117
  103   436   255
  104   403   137
  105   156   226
  106    72   203
  107   455   476
  108   242   100
  109   119   328
  110   462   198
  111     3   384
  112   423   196
  113   199   242
  114   145   134
  115   287   262
  116    70   320
  117    72   412
  118   322   106
  119   311    98
  120    60    62
  121   439    25
  122   184    82
  123   103   433
  124   168   148
  125   253   354
  126   198   480
  127   374   173
  128    51   297
  129   465   376
  130   374    60
  131   164   147
  132   296   278
  133   361   376
  134    12   317
  135   431   170
  136    65   491
  137   422   326
  138   455    56
  139   160   223
  140   479    29
  141   327    76
  142   362   162
  143    43     8
  144   173    68
  145   325   174
  146   216   299
  147   326     3
  148   152   324
  149    38   306
  150   444   295
  151   434   282
  152   460   238
  153   473   151
  154   229   117
  155   254   139
  156   337   461
  157   147   427
  158   482   268
  159   325   403
  160   482   258
  161   244    70
  162   407    96
  163   223    63
  164   194    71
  165   394   234
  166   278   295
  167   208   256
  168   197    21
  169    35   287
  170   330   110
  171   364    36
  172   271   243
  173   323   218
  174   415    15
  175   108    92
  176    81    44
  177   300   103
  178   119   274
  179    83    99
  180   170   381
  181   144   236
  182   247   490
  183   462   221
  184   254   373
  185   474   438
  186   367   414
  187   250    59
  188    85   398
  189    41   141
  190    32   418
  191   162   215
  192   213   448
  193    23   245
  194   297     1
  195    37   430
  196   191   463
  197   310   221
  198   305   127
  199    60   256
  200   117   242
  201   221   392
  202   351   202
  203    25   284
  204    27    92
  205   303   420
  206   202   250
  207   116   401
  208    69    95
  209   363   472
  210   496   446
  211     6   357
  212   446   389
  213    82   300
  214   154   342
  215    89   363
  216   104   488
  217   460   129
  218    86    13
  219    45   330
  220   128   143
  221   379   423
  222   416   190
  223   117   450
  224   278   453
  225   398   465
  226   425   165
  227   441   212
  228    87   126
  229    98   308
  230   450   264
  231    45   118
  232    64   283
  233   191   302
  234   149   235
  235   241    42
  236   154   153
  237   300   186
  238   282   142
  239    11    70
  240    84    58
  241   394   462
  242   430   212
  243   499   262
  244    25   500
  245   289   467
  246    87    80
  247   249    39
  248    16   367
  249   458   429
  250   487   221
  251   217   488
  252   311   484
  253   485   138
  254   500   263
  255   374   248
  256   174   286
  257   289   285
  258   169   377
  259   480   476
  260   426   366
  261   102     4
  262    67   158
  263   321   200
  264   363   448
  265   218   248
  266   484    47
  267    47    27
  268   220   301
  269   404   494
  270    34   432
  271   227   253
  272   110    12
  273   325   325
  274   206    64
  275   175   138
  276   160   251
  277    43   400
  278   282   299
  279   204   118
  280   428   309
  281   481   162
  282   272   315
  283   420   440
  284   404   464
  285   152   297
  286     9    30
  287   377   136
  288    26   450
  289   364   202
  290   215   184
  291   448    63
  292    88   381
  293    79    57
  294   234   371
  295   231   400
  296    48   416
  297   376   439
  298     8   495
  299   410   291
  300   188    33
  301   145   337
  302    24   452
  303   309   295
  304   255   446
  305   353   224
  306   122    33
  307   408   484
  308   322   402
  309   278    41
  310   389   224
  311   493   399
  312   323    19
  313   391   419
  314   267   207
  315    85   387
  316   413   427
  317   358   150
  318    84    78
  319    51   123
  320    72    90
  321   263   383
  322    62    12
  323   478   385
  324   257   443
  325    52   330
  326   302   108
  327   459   339
  328   408   208
  329   498   171
  330   329   394
  331   416   477
  332   201   400
  333   385   398
  334   183   185
  335   290   211
  336   195   184
  337   432   192
  338   260    48
  339   211   281
  340   127   393
  341    92   366
  342    65   211
  343   136   239
  344   341   181
  345   350   249
  346   398   448
  347   360   357
  348   252    51
  349    37   306
  350   271    12
  351   450   257
  352    70   141
  353   235   257
  354   174   217
  355   239   325
  356   246   430
  357   100   332
  358   147   476
  359   445   464
  360   140    39
  361   445   407
  362   155   162
  363    80   342
  364   244   471
  365   174     3
  366   480   220
  367   240    66
  368   418   317
  369   408   348
  370   378   144
  371   113   445
  372   411   155
  373    55   453
  374   451   479
  375   117   177
  376   390   262
  377   244    16
  378   391   483
  379   233   117
  380   435   470
  381   376    64
  382    60   500
  383   252   449
  384   103   192
  385   443   456
  386   407   372
  387   102    12
  388   137   115
  389   245   415
  390   105    21
  391   417   108
  392   359   258
  393   232   420
  394    35   451
  395    99   389
  396   350   386
  397    23    81
  398   185    77
  399   273   483
  400   161   142
  401   387    33
  402   414   314
  403   465    47
  404   274     4
  405   430   455
  406   377   109
  407   205   183
  408   150   231
  409   479   375
  410   257    87
  411   237   128
  412   313   376
  413   499   114
  414   286   474
  415   172   156
  416    11   423
  417   426   488
  418   426    41
  419   223   485
  420   232   145
  421     2   330
  422   432   272
  423   483    66
  424   376   341
  425    70   397
  426   119   218
  427   359   307
  428   148   437
  429   228   391
  430   423    95
  431   416    16
  432   122   435
  433   399   351
  434   239   338
  435   479   208
  436   148   222
  437    97    39
  438   285    77
  439    18    11
  440   325    72
  441   266   311
  442   332   333
  443   210    73
  444   142   471
  445   150   168
  446   305   149
  447   390   378
  448   118   382
  449   474     4
  450    65   448
  451   273   258
  452   366   298
  453   499   346
  454   176   404
  455   284   479
  456   149    95
  457   377   204
  458   285   411
  459    50   484
  460   176   411
  461   121    98
  462   447   179
  463    85   310
  464   171   359
  465   183   125
  466    37   491
  467   231   287
  468   201   155
  469   329    87
  470   290   186
  471   173   365
  472    84    84
  473   237   323
  474   481   205
  475   478   101
  476    58   196
  477   197   312
  478   169    13
  479   238   310
  480    97   248
  481   222    92
  482    74   464
  483    51   340
  484    31    79
  485   153   238
  486   314   102
  487   351    87
  488   469   481
  489   432   254
  490   220   238
  491   494   324
  492    24   328
  493   419   494
  494   232   212
  495   192    64
  496   143   363
  497    79   416
  498   148    18
  499   205   101
  500   138   347
85136
