100
    1    94   485
    2     6   326
    3   416   248
    4   492   421
    5   149   322
    6   237   295
    7   457    43
    8   315   345
    9   446   455
   10   422   252
   11   291     9
   12   359   401
   13   167   122
   14    98    94
   15     7   238
   16    44    74
   17   334   215
   18   266   382
   19   494   367
   20   393   484
   21   133   299
   22   131   433
   23   428   182
   24   200    72
   25   117   374
   26   374   138
   27   220   356
   28   419   145
   29   294   495
   30   196    29
   31   497   199
   32   116   277
   33   408    97
   34    39   219
   35   207   242
   36    69   107
   37    37   122
   38   431    70
   39   226    98
   40   487   100
   41   272   145
   42    13   267
   43    81   472
   44   443   395
   45    58   213
   46   303   248
   47   264   487
   48    36   423
   49   224    29
   50   289   174
   51   479    40
   52   142    54
   53   339   467
   54   141    46
   55   196   210
   56   494    53
   57    66   191
   58   324   224
   59   208   230
   60   211   488
   61   300    90
   62   314   340
   63   289    49
   64   401   196
   65   466   365
   66   189   178
   67   333    70
   68   225   436
   69   244   222
   70   349   151
   71   113   123
   72   379   431
   73   361     8
   74    65    85
   75   486   353
   76   186   142
   77   286   492
   78   389   225
   79    24   286
   80   491   312
   81   391   359
   82    90   163
   83   181    88
   84   214   179
   85    17   187
   86   472   119
   87   418   261
   88   419   346
   89   356   192
   90   182   261
   91   306    14
   92   201   386
   93   385    30
   94   452   349
   95   500   294
   96   194   299
   97   237   391
   98   324   330
   99   492   298
  100   224   290
3979
