100
    1   299   345
    2   296   193
    3   429   467
    4    65   100
    5   123   141
    6   202   291
    7   499   170
    8   401   281
    9   196    46
   10   404    59
   11   204   357
   12   220   100
   13   408   493
   14   327   161
   15   148   206
   16   117   254
   17   111   310
   18    15   425
   19   320   258
   20   179   407
   21   291   114
   22   104   313
   23   301   401
   24   393   496
   25   246   350
   26    44   121
   27   473   295
   28   321   117
   29    63   439
   30    94   104
   31   386   295
   32   305   141
   33     5    25
   34   112   414
   35   241    45
   36    70   262
   37   150   249
   38   200    18
   39    64   137
   40   397   476
   41   213   416
   42    95    23
   43    39   247
   44   348   259
   45   304   416
   46   168   144
   47   158   395
   48   134   379
   49   478   216
   50   127   157
   51   100   292
   52    80   497
   53   224   434
   54   106     5
   55   453   470
   56   419   157
   57   224   494
   58   329   348
   59   369   309
   60   336    39
   61    45   298
   62   235   432
   63   271   145
   64    39   368
   65    12   409
   66   434   369
   67   266   402
   68   311   268
   69   270   217
   70   115   211
   71    78   419
   72   404   419
   73   470   203
   74   479   240
   75   200   117
   76   387   386
   77   435   360
   78   222    56
   79    13   290
   80   121   220
   81   376    27
   82   479    39
   83     3   472
   84   187    55
   85   314   155
   86   382    79
   87   423   329
   88   188    81
   89   493     7
   90   200   156
   91   127   462
   92   455    46
   93   287   166
   94    62   165
   95   465   365
   96   272   426
   97   478   218
   98   369   398
   99   138   493
  100   446   305
17230
