500
    1    84    74
    2    57    47
    3    81    71
    4    93    83
    5    71    61
    6    35    25
    7    68    58
    8    19     9
    9    45    35
   10    24    14
   11   102    92
   12   108    98
   13    70    60
   14    44    34
   15    80    70
   16    14     4
   17    94    84
   18   105    95
   19    99    89
   20    53    43
   21    16     6
   22   110   100
   23    76    66
   24    42    32
   25    29    19
   26    22    12
   27    49    39
   28    45    35
   29    93    83
   30    46    36
   31    37    27
   32    19     9
   33   106    96
   34    45    35
   35    21    11
   36   109    99
   37    38    28
   38    37    27
   39    43    33
   40    76    66
   41    86    76
   42    64    54
   43    64    54
   44    90    80
   45    89    79
   46    87    77
   47    99    89
   48    39    29
   49    17     7
   50    80    70
   51    37    27
   52    13     3
   53    43    33
   54    67    57
   55    36    26
   56    30    20
   57    34    24
   58    33    23
   59    72    62
   60    87    77
   61   106    96
   62   100    90
   63    80    70
   64    35    25
   65    92    82
   66    99    89
   67    26    16
   68    66    56
   69   105    95
   70    90    80
   71    70    60
   72    64    54
   73    33    23
   74    56    46
   75    45    35
   76    54    44
   77    33    23
   78    61    51
   79    27    17
   80    86    76
   81    68    58
   82    27    17
   83    98    88
   84    28    18
   85    99    89
   86    12     2
   87    30    20
   88    74    64
   89   108    98
   90    49    39
   91    55    45
   92   106    96
   93    86    76
   94    19     9
   95    86    76
   96    27    17
   97    48    38
   98    19     9
   99    73    63
  100    40    30
  101    35    25
  102    54    44
  103    61    51
  104    93    83
  105    22    12
  106    74    64
  107    45    35
  108    28    18
  109   109    99
  110    79    69
  111    32    22
  112   105    95
  113    86    76
  114    97    87
  115    99    89
  116    71    61
  117    77    67
  118    75    65
  119    83    73
  120    22    12
  121    37    27
  122   107    97
  123    43    33
  124   105    95
  125    72    62
  126   104    94
  127    71    61
  128    52    42
  129   104    94
  130    89    79
  131    65    55
  132    80    70
  133    69    59
  134   100    90
  135    51    41
  136    76    66
  137    29    19
  138    71    61
  139    50    40
  140    36    26
  141    30    20
  142    32    22
  143    82    72
  144    90    80
  145    15     5
  146    12     2
  147    32    22
  148   100    90
  149    88    78
  150    37    27
  151    81    71
  152    13     3
  153    47    37
  154    29    19
  155    40    30
  156   104    94
  157    49    39
  158    27    17
  159    11     1
  160    54    44
  161    82    72
  162    74    64
  163    90    80
  164   109    99
  165    71    61
  166    88    78
  167    74    64
  168    57    47
  169    74    64
  170    76    66
  171    18     8
  172    39    29
  173    16     6
  174    49    39
  175    45    35
  176    58    48
  177    79    69
  178    75    65
  179   100    90
  180    69    59
  181    89    79
  182    97    87
  183   101    91
  184    12     2
  185    81    71
  186    96    86
  187   104    94
  188    51    41
  189    69    59
  190    55    45
  191    78    68
  192    89    79
  193    54    44
  194    76    66
  195    85    75
  196    47    37
  197    89    79
  198    99    89
  199    77    67
  200    15     5
  201    26    16
  202    51    41
  203    81    71
  204    68    58
  205    87    77
  206    53    43
  207    73    63
  208    44    34
  209    94    84
  210    70    60
  211    79    69
  212    30    20
  213    56    46
  214    49    39
  215    63    53
  216   107    97
  217    15     5
  218    45    35
  219    54    44
  220    43    33
  221    99    89
  222    40    30
  223    16     6
  224    25    15
  225    90    80
  226    60    50
  227    58    48
  228    14     4
  229   106    96
  230    89    79
  231    79    69
  232    56    46
  233    88    78
  234    38    28
  235    46    36
  236    36    26
  237    90    80
  238    77    67
  239   105    95
  240    82    72
  241   104    94
  242    92    82
  243    85    75
  244   105    95
  245    92    82
  246    57    47
  247   103    93
  248    14     4
  249    14     4
  250   110   100
  251    99    89
  252    63    53
  253   108    98
  254    67    57
  255    88    78
  256    97    87
  257    67    57
  258    98    88
  259    44    34
  260    79    69
  261   110   100
  262   109    99
  263    82    72
  264   102    92
  265    47    37
  266    99    89
  267    29    19
  268    61    51
  269    65    55
  270    20    10
  271   107    97
  272    22    12
  273    98    88
  274    31    21
  275    63    53
  276    32    22
  277    54    44
  278    46    36
  279    21    11
  280   104    94
  281    40    30
  282    89    79
  283    41    31
  284    35    25
  285    44    34
  286    68    58
  287    96    86
  288   102    92
  289    74    64
  290    19     9
  291    99    89
  292    25    15
  293    71    61
  294   108    98
  295    64    54
  296    42    32
  297   109    99
  298   107    97
  299    23    13
  300   101    91
  301    98    88
  302   103    93
  303    25    15
  304    17     7
  305    90    80
  306   110   100
  307   101    91
  308    90    80
  309    34    24
  310    31    21
  311    93    83
  312    91    81
  313    95    85
  314    92    82
  315    56    46
  316    40    30
  317    30    20
  318    38    28
  319    46    36
  320    88    78
  321    54    44
  322    17     7
  323    71    61
  324    84    74
  325   107    97
  326    65    55
  327    78    68
  328    68    58
  329    94    84
  330    83    73
  331    95    85
  332    32    22
  333    99    89
  334    78    68
  335    72    62
  336    67    57
  337   106    96
  338    81    71
  339    86    76
  340    56    46
  341    71    61
  342    73    63
  343    42    32
  344    21    11
  345    93    83
  346    37    27
  347    74    64
  348   105    95
  349    91    81
  350    26    16
  351    95    85
  352    27    17
  353    95    85
  354    54    44
  355    82    72
  356    49    39
  357    19     9
  358    41    31
  359    44    34
  360    27    17
  361    96    86
  362    70    60
  363    85    75
  364    16     6
  365    93    83
  366    76    66
  367    89    79
  368    52    42
  369    61    51
  370    60    50
  371   110   100
  372    68    58
  373    27    17
  374    60    50
  375    26    16
  376    35    25
  377    16     6
  378    58    48
  379    34    24
  380    54    44
  381    95    85
  382    19     9
  383    99    89
  384    62    52
  385    57    47
  386    32    22
  387    13     3
  388    47    37
  389    34    24
  390    95    85
  391    30    20
  392    12     2
  393    32    22
  394    59    49
  395    18     8
  396    67    57
  397    19     9
  398    21    11
  399    86    76
  400    43    33
  401    99    89
  402    23    13
  403    13     3
  404    40    30
  405    79    69
  406    31    21
  407    47    37
  408    45    35
  409    11     1
  410   105    95
  411    93    83
  412    19     9
  413    29    19
  414    14     4
  415    78    68
  416    54    44
  417    32    22
  418    69    59
  419    58    48
  420    50    40
  421    49    39
  422    20    10
  423    28    18
  424    60    50
  425    51    41
  426    20    10
  427    21    11
  428    16     6
  429    86    76
  430    66    56
  431    96    86
  432    61    51
  433    33    23
  434    54    44
  435    60    50
  436   100    90
  437    86    76
  438    66    56
  439    27    17
  440    22    12
  441    50    40
  442    40    30
  443    25    15
  444    33    23
  445    90    80
  446    62    52
  447    48    38
  448    67    57
  449    56    46
  450    15     5
  451    56    46
  452    98    88
  453    24    14
  454    91    81
  455    86    76
  456    88    78
  457    12     2
  458    99    89
  459    67    57
  460    71    61
  461    58    48
  462    11     1
  463    23    13
  464    34    24
  465    85    75
  466    89    79
  467    79    69
  468   110   100
  469    14     4
  470    66    56
  471    80    70
  472    79    69
  473    14     4
  474    41    31
  475    30    20
  476    67    57
  477    65    55
  478    20    10
  479   109    99
  480   109    99
  481   102    92
  482    52    42
  483    48    38
  484    44    34
  485    90    80
  486    81    71
  487    72    62
  488    55    45
  489    43    33
  490    98    88
  491    51    41
  492    53    43
  493    74    64
  494    83    73
  495    50    40
  496    26    16
  497    81    71
  498    16     6
  499    69    59
  500    44    34
13037
