100
    1   425   415
    2   162   152
    3   474   464
    4   470   460
    5   384   374
    6   444   434
    7   405   395
    8   384   374
    9   258   248
   10   389   379
   11   447   437
   12   417   407
   13   439   429
   14   473   463
   15    53    43
   16   155   145
   17   371   361
   18    54    44
   19   388   378
   20    74    64
   21   365   355
   22    19     9
   23   393   383
   24    67    57
   25   226   216
   26   215   205
   27   194   184
   28   482   472
   29    38    28
   30   323   313
   31   138   128
   32   436   426
   33   235   225
   34   498   488
   35   450   440
   36   442   432
   37   399   389
   38   222   212
   39    40    30
   40    49    39
   41    63    53
   42   285   275
   43   233   223
   44   291   281
   45   386   376
   46   436   426
   47   264   254
   48   468   458
   49   450   440
   50   133   123
   51   126   116
   52   394   384
   53   168   158
   54   352   342
   55   265   255
   56   131   121
   57   263   253
   58   262   252
   59   405   395
   60   168   158
   61   503   493
   62   193   183
   63   173   163
   64   144   134
   65   177   167
   66   480   470
   67   323   313
   68   431   421
   69    58    48
   70   311   301
   71   423   413
   72   149   139
   73   234   224
   74   365   355
   75   158   148
   76   467   457
   77   210   200
   78   186   176
   79   444   434
   80   327   317
   81   233   223
   82   420   410
   83   167   157
   84   181   171
   85    16     6
   86   485   475
   87   155   145
   88    43    33
   89   445   435
   90   130   120
   91   304   294
   92   251   241
   93   423   413
   94   416   406
   95   139   129
   96   108    98
   97   505   495
   98   504   494
   99   162   152
  100   181   171
22886
