100
    1   447   274
    2   483    71
    3   425    61
    4   109   158
    5    14    35
    6   498   292
    7    34    60
    8   304   370
    9   495    84
   10   243   389
   11   400     6
   12    32   466
   13   112   419
   14    35   139
   15   336   383
   16   309    27
   17   235   396
   18    99   411
   19   427   128
   20   466   433
   21   454   176
   22   280   254
   23   177   279
   24   329    89
   25   370   407
   26   203   127
   27   457   433
   28    20   126
   29    23   124
   30   177   462
   31    90    96
   32   125   470
   33   189   382
   34   156    16
   35   180   395
   36   354   260
   37   446   423
   38   444    35
   39   451   223
   40   476    17
   41    17   258
   42    18   388
   43   102   489
   44   164    20
   45   339   398
   46    96   345
   47   409   376
   48   317   276
   49   109   438
   50   230   163
   51   344   325
   52   483   251
   53   164   112
   54   118   235
   55   269    99
   56   395   122
   57   387   276
   58   161   189
   59   365    67
   60   412   473
   61   297   327
   62    95   333
   63   394   162
   64    42   261
   65   379   394
   66   470   355
   67   190   359
   68    66   441
   69   261   219
   70    26   240
   71    22   320
   72   180   472
   73     2   305
   74   390    22
   75   227    78
   76   203   471
   77   219   237
   78   494   230
   79    17   239
   80   244   201
   81   264   372
   82   399    80
   83   278   461
   84   147   164
   85   166   264
   86    29   308
   87    39   306
   88   148   435
   89    65    69
   90   459   290
   91   187   479
   92   302    91
   93   486    71
   94   241   294
   95    45   459
   96    79   168
   97   466   344
   98   237   375
   99    89   379
  100   205   467
13119
