100
    1   513   485
    2   375   326
    3   245   248
    4   441   421
    5   332   322
    6   295   295
    7    28    43
    8   382   345
    9   407   455
   10   257   252
   11     2     9
   12   412   401
   13   143   122
   14    96    94
   15   190   238
   16    68    74
   17   208   215
   18   348   382
   19   333   367
   20   529   484
   21   266   299
   22   412   433
   23   182   182
   24    73    72
   25   399   374
   26   103   138
   27   395   356
   28   166   145
   29   478   495
   30    75    29
   31   218   199
   32   256   277
   33   129    97
   34   179   219
   35   230   242
   36   105   107
   37   162   122
   38    56    70
   39    50    98
   40   118   100
   41   118   145
   42   226   267
   43   453   472
   44   362   395
   45   175   213
   46   235   248
   47   454   487
   48   468   423
   49    53    29
   50   154   174
   51    69    40
   52     7    54
   53   451   467
   54    24    46
   55   235   210
   56    41    53
   57   150   191
   58   258   224
   59   255   230
   60   504   488
   61    80    90
   62   383   340
   63    92    49
   64   237   196
   65   405   365
   66   135   178
   67   105    70
   68   415   436
   69   217   222
   70   132   151
   71    93   123
   72   479   431
   73    16     8
   74    48    85
   75   399   353
   76   103   142
   77   519   492
   78   255   225
   79   311   286
   80   274   312
   81   385   359
   82   117   163
   83    62    88
   84   207   179
   85   225   187
   86   114   119
   87   231   261
   88   386   346
   89   189   192
   90   248   261
   91     1    14
   92   348   386
   93     3    30
   94   372   349
   95   247   294
   96   329   299
   97   415   391
   98   280   330
   99   288   298
  100   339   290
3979
