500
    1    46     4
    2    19    48
    3    20    54
    4   100    63
    5     6    28
    6    41    94
    7    70     1
    8    60     8
    9    95    69
   10    83    70
   11    95     8
   12    95    83
   13    63    96
   14    42    16
   15    71    61
   16    52     1
   17    58    81
   18    82    96
   19    87    97
   20     6    58
   21    70    37
   22    55    44
   23    52    56
   24    64    31
   25    93    65
   26    63    32
   27    88    70
   28    20    36
   29    82    10
   30    61    71
   31    93    98
   32    96   100
   33    72    40
   34    47    17
   35    68    44
   36    85     9
   37    41    48
   38    87    53
   39    39    60
   40     8    59
   41    20    51
   42    42     2
   43    18    30
   44    27    34
   45    23    31
   46    75    47
   47    13    58
   48     1    26
   49    93    59
   50    86    68
   51    35     7
   52    39    52
   53    51    89
   54    29    64
   55    32    81
   56    18    88
   57    51     9
   58    92    31
   59    12    72
   60    87    54
   61    48     9
   62    54    87
   63    66    80
   64    98     3
   65    99    80
   66    53    40
   67    61    65
   68    70    15
   69    53    20
   70    38    70
   71    17    22
   72    55    78
   73    81     6
   74    54     3
   75     7    92
   76    18    57
   77     2    15
   78    65    51
   79    20    37
   80    68    83
   81     3    66
   82    18    22
   83     6    99
   84    54    22
   85    17    26
   86    77    38
   87     2    84
   88    59    40
   89    84    30
   90    71    75
   91    46    97
   92     2    89
   93    86    77
   94    73    72
   95    72   100
   96    87    57
   97     1    17
   98     4    53
   99    41    64
  100    65    28
  101     1    21
  102    54    72
  103     3    98
  104    66    88
  105    15    41
  106    15    34
  107    74    15
  108     1    55
  109     2    35
  110    57    37
  111    58    95
  112    54    63
  113     2    69
  114    12     9
  115    70    77
  116    21    67
  117    35    43
  118    77    65
  119    70    61
  120    35    29
  121    26    64
  122     7    17
  123    90    32
  124    87    39
  125    48    53
  126    61    51
  127    89    24
  128    22    60
  129    12    91
  130    13    55
  131    35     6
  132    87    65
  133    68    47
  134    91    20
  135    90    93
  136     8     2
  137    21    49
  138    90     3
  139    11    66
  140    10    40
  141    78    83
  142    89     1
  143    26    11
  144    60    51
  145    92    53
  146    63    30
  147    69    70
  148    63    31
  149    57    45
  150    91    30
  151     1    93
  152     7    41
  153    80    62
  154    80    64
  155    37    10
  156    24     4
  157    18    90
  158    77    71
  159    80    38
  160    21    13
  161    23    65
  162    42    75
  163    86    30
  164    21    66
  165    53    85
  166    13    74
  167    79    75
  168    16    52
  169    58    54
  170    61    93
  171    11    35
  172    98    22
  173    30    97
  174    26    62
  175    71    71
  176    52    27
  177    39    66
  178     6    17
  179    78    66
  180    65    88
  181    75    87
  182    14    61
  183    21    44
  184    29    84
  185    25    65
  186    50    85
  187    49    74
  188    12    81
  189     4    72
  190    55    29
  191    57     2
  192    92    31
  193    70    96
  194    76     4
  195    32    17
  196    14    78
  197    41    24
  198    60    90
  199    15    63
  200   100     9
  201    56    35
  202    62    53
  203    68    55
  204    94    83
  205    86    31
  206    17    17
  207    91    36
  208    68    90
  209    54    71
  210    83    49
  211    13    20
  212     1    48
  213    85    31
  214     9    81
  215    24    90
  216    51    83
  217    27    16
  218    41    88
  219    20    73
  220    43    42
  221    82    10
  222    31    89
  223    88    61
  224    37    72
  225    13    28
  226    52    76
  227    20    15
  228    70    77
  229    81    43
  230    25     3
  231     8    77
  232    83    42
  233    18    49
  234     4    54
  235    24    13
  236    37    36
  237    11    21
  238    85    49
  239    58    93
  240    15    41
  241    89    73
  242    37    15
  243    42    97
  244    64    71
  245    88    98
  246    46    55
  247    48    38
  248    15    14
  249    53    12
  250    82    96
  251    68     7
  252    86    11
  253    64    49
  254    43    78
  255    33     3
  256    61    69
  257    48    76
  258     4    16
  259    63    31
  260    81    33
  261    77    59
  262    14    37
  263    68     7
  264    30     7
  265    13    71
  266    31    54
  267    50    42
  268    11    92
  269    83    29
  270    29    99
  271    82   100
  272    41    39
  273    96    40
  274    61    99
  275    46    13
  276     7    58
  277    70    59
  278     1    54
  279    59    33
  280    43    80
  281    20    25
  282     3     6
  283    35    47
  284    31    15
  285    23    88
  286    28     1
  287     8     7
  288     1    49
  289    63    13
  290    74    15
  291    71    94
  292    75     4
  293    42    76
  294    89    90
  295    42    23
  296    63    35
  297    11     6
  298    71    74
  299    61    54
  300    59    84
  301    64    76
  302    87     7
  303    36    54
  304    18    45
  305    96    55
  306    53    72
  307    59    59
  308    53    25
  309    69    64
  310    68    83
  311    96    50
  312    10    30
  313    30    90
  314    14    42
  315    48    58
  316    16    82
  317    25    53
  318     3    45
  319    74    34
  320     7    33
  321    18    74
  322    17    43
  323    41     8
  324    88    22
  325    63    17
  326    53    43
  327    66    26
  328    55    87
  329    45    94
  330    68    93
  331    75    60
  332    48    47
  333    48    29
  334    54     8
  335    33    14
  336    26    55
  337    11    23
  338     7     3
  339    66   100
  340    14    24
  341    51    49
  342    96    78
  343    35    74
  344    92    48
  345    97    96
  346    25    75
  347    91    32
  348    75    30
  349    84    41
  350    26    71
  351    57    84
  352     1    76
  353    38     8
  354     1    96
  355     6    40
  356    33    73
  357    23    47
  358    70    31
  359    84    35
  360    91    30
  361    20    42
  362     6    53
  363    99    81
  364    35    38
  365    25    50
  366    23    47
  367    67    53
  368    73    32
  369    63    31
  370    85    75
  371     4    40
  372    74    50
  373    86    48
  374    22    90
  375     8    16
  376    81    97
  377     3    59
  378    86    66
  379    40    48
  380    46    25
  381    23    31
  382    59    99
  383    15    16
  384    26    43
  385     2    19
  386    42    39
  387     5    63
  388    88    46
  389    56    74
  390    72    84
  391    76    63
  392    22    61
  393    99    71
  394    18    66
  395    74    28
  396    81    81
  397    82    96
  398    76    96
  399    36    94
  400    56    49
  401    74    40
  402    77    69
  403    92    42
  404    89    27
  405    53    18
  406    20    20
  407    44    78
  408    97    46
  409    46    26
  410    44     6
  411    24    83
  412     8    43
  413    98    45
  414     5    65
  415    39    91
  416    86    86
  417    73    31
  418    57    76
  419     6   100
  420     7    96
  421    33    57
  422    55     3
  423    54    77
  424    99     4
  425    37     8
  426    86     9
  427    74    58
  428    87    56
  429    55    10
  430    58    98
  431    87    39
  432    85     2
  433    50    74
  434    14     5
  435    10    15
  436    35    45
  437    88    86
  438    20    84
  439    57    86
  440    84    79
  441    85    26
  442    11    36
  443    21    84
  444    41    30
  445    41    27
  446    36    44
  447    41     9
  448    17    73
  449    65    67
  450    88    75
  451    48     5
  452    25    61
  453    94    77
  454    15    51
  455     7    98
  456    16    66
  457    48    67
  458    16    98
  459    29    23
  460    19    30
  461     8    41
  462    94    14
  463    68    89
  464    90    30
  465    98    76
  466    84     2
  467    46    58
  468    84    66
  469    72    94
  470    85     9
  471    68    20
  472    91    87
  473   100    54
  474    40    56
  475    93    60
  476    53    51
  477   100    47
  478    76    24
  479    25    17
  480    52    59
  481    81    35
  482    41    99
  483    46    27
  484    82     6
  485    16    61
  486    69    33
  487    74    90
  488   100    52
  489    11     9
  490    75     5
  491     1    39
  492    39    63
  493    42    61
  494    71    83
  495    67    39
  496    70     2
  497    34    31
  498    35    49
  499    52    72
  500    89    90
8429
