100
    1   262   274
    2   105    71
    3    66    61
    4   155   158
    5    62    35
    6   284   292
    7    57    60
    8   360   370
    9    49    84
   10   390   389
   11    39     6
   12   478   466
   13   432   419
   14   142   139
   15   392   383
   16    34    27
   17   436   396
   18   376   411
   19   119   128
   20   459   433
   21   201   176
   22   241   254
   23   282   279
   24    53    89
   25   457   407
   26   153   127
   27   405   433
   28   175   126
   29   150   124
   30   451   462
   31    58    96
   32   502   470
   33   371   382
   34    31    16
   35   411   395
   36   263   260
   37   376   423
   38    61    35
   39   195   223
   40     1    17
   41   278   258
   42   397   388
   43   512   489
   44    36    20
   45   418   398
   46   311   345
   47   416   376
   48   272   276
   49   436   438
   50   199   163
   51   320   325
   52   288   251
   53    91   112
   54   258   235
   55   113    99
   56   166   122
   57   318   276
   58   163   189
   59    26    67
   60   493   473
   61   353   327
   62   380   333
   63   130   162
   64   221   261
   65   357   394
   66   363   355
   67   362   359
   68   449   441
   69   170   219
   70   280   240
   71   342   320
   72   511   472
   73   293   305
   74     1    22
   75    88    78
   76   513   471
   77   252   237
   78   220   230
   79   231   239
   80   244   201
   81   376   372
   82    70    80
   83   477   461
   84   160   164
   85   266   264
   86   265   308
   87   334   306
   88   418   435
   89    36    69
   90   273   290
   91   500   479
   92    96    91
   93    49    71
   94   252   294
   95   484   459
   96   166   168
   97   357   344
   98   343   375
   99   408   379
  100   455   467
13119
