500
    1    22    24
    2    18    21
    3    14    11
    4     8     8
    5    33    35
    6    37    42
    7    10    10
    8    17    20
    9    38    34
   10    43    39
   11     2     6
   12    11    16
   13    17    19
   14    37    39
   15    30    33
   16    22    27
   17    48    46
   18     9    11
   19    24    28
   20    29    33
   21    21    26
   22     8     4
   23    34    29
   24    36    39
   25    11     7
   26    23    27
   27    35    33
   28    30    26
   29    19    24
   30     7    12
   31    45    46
   32    20    20
   33    31    32
   34    11    16
   35    41    45
   36    13    10
   37    23    23
   38    37    35
   39    24    23
   40    21    17
   41     5     8
   42    36    38
   43    40    39
   44    25    20
   45    47    48
   46    49    45
   47    22    26
   48    24    26
   49    38    38
   50    12    13
   51    22    25
   52     1     1
   53     8    12
   54    35    35
   55    49    49
   56    21    22
   57    27    26
   58    38    39
   59    18    17
   60    19    23
   61    31    27
   62    35    33
   63    17    12
   64    11    11
   65    45    44
   66     7     5
   67     9     9
   68    40    41
   69    21    19
   70    41    40
   71    24    20
   72    21    22
   73     1     5
   74    17    22
   75    27    28
   76    23    21
   77    37    37
   78    30    30
   79    42    39
   80     1     1
   81    22    22
   82    30    30
   83    13    11
   84    12    14
   85    16    14
   86     8     8
   87     8     6
   88    31    35
   89    18    19
   90    39    40
   91    33    29
   92    41    41
   93    25    21
   94    42    44
   95     9     9
   96    15    18
   97    46    44
   98    27    25
   99    31    29
  100    15    17
  101    17    16
  102    21    21
  103    22    27
  104    11    13
  105    39    34
  106    23    19
  107    46    46
  108     1     3
  109     1     5
  110    45    44
  111    43    39
  112     5     6
  113    31    30
  114    43    48
  115    50    46
  116    22    19
  117    31    28
  118    35    36
  119    33    30
  120    40    45
  121    48    44
  122    24    25
  123    30    32
  124    41    43
  125     6     4
  126    43    39
  127    49    48
  128    28    28
  129     4     7
  130    35    34
  131    50    50
  132    21    22
  133    41    37
  134    22    19
  135     1     5
  136    43    47
  137    40    38
  138     1     3
  139    39    44
  140    12    11
  141    26    30
  142    36    31
  143    29    34
  144    36    36
  145    10    14
  146    38    39
  147    15    11
  148     1     4
  149    54    49
  150    11    13
  151    42    38
  152    19    15
  153    31    30
  154    45    41
  155    27    24
  156    38    33
  157    33    35
  158    51    46
  159    20    20
  160    39    36
  161    41    44
  162     6    11
  163    44    47
  164    21    18
  165    37    34
  166    37    35
  167    36    39
  168    11    12
  169    41    46
  170    27    26
  171    15    11
  172    36    32
  173    36    33
  174    16    14
  175    36    31
  176    40    35
  177    34    35
  178    25    22
  179     4     9
  180    38    34
  181    35    36
  182    23    25
  183    33    33
  184    33    29
  185     1     1
  186    53    50
  187    17    17
  188    12    16
  189     8     6
  190    24    24
  191    38    35
  192    40    39
  193    52    47
  194     3     3
  195    21    24
  196    21    20
  197    17    22
  198     4     8
  199    14     9
  200    28    26
  201    40    39
  202     1     3
  203    17    19
  204    39    37
  205     6     1
  206    34    33
  207    20    19
  208    18    18
  209    25    22
  210    45    48
  211    40    39
  212    23    18
  213    42    41
  214    12    11
  215    30    26
  216    38    36
  217    19    23
  218    52    50
  219    22    26
  220    15    17
  221    41    40
  222    10    15
  223    33    30
  224    42    38
  225    44    46
  226    50    46
  227    15    14
  228    23    26
  229     1     2
  230     9     7
  231    52    48
  232    13    13
  233    28    25
  234    19    19
  235     1     4
  236    23    20
  237     2     4
  238    24    20
  239     3     5
  240    49    49
  241    39    42
  242    36    38
  243    29    30
  244    11    12
  245    36    33
  246    42    41
  247    19    14
  248    39    40
  249    16    21
  250    14     9
  251    18    23
  252    19    23
  253    47    43
  254    25    20
  255     1     2
  256     2     1
  257     3     7
  258    27    23
  259     8     4
  260    24    23
  261     2     6
  262    43    48
  263     1     3
  264    22    27
  265    39    36
  266    47    50
  267    37    35
  268    17    22
  269    38    35
  270    21    16
  271    26    26
  272    49    50
  273    31    32
  274     7     7
  275    53    50
  276     1     5
  277    25    29
  278     1     3
  279    29    25
  280    26    21
  281    40    43
  282     9    11
  283    45    44
  284    12    13
  285    17    19
  286    12    15
  287    26    22
  288    53    49
  289    37    33
  290    23    25
  291     1     3
  292    38    42
  293    21    17
  294     3     4
  295    11    11
  296     2     1
  297    18    23
  298    31    35
  299    21    22
  300     3     8
  301     4     7
  302     9     5
  303    47    50
  304    47    46
  305    41    40
  306     1     2
  307    47    46
  308    18    14
  309    27    28
  310     9     4
  311    29    24
  312    51    49
  313     8     5
  314    22    24
  315    27    22
  316    32    31
  317     5     1
  318    10    12
  319     9     5
  320    41    37
  321     4     5
  322    31    27
  323    49    46
  324    38    33
  325    19    24
  326     6     2
  327    28    32
  328    43    47
  329    27    32
  330    24    19
  331    23    18
  332    48    50
  333     9    13
  334    18    23
  335    14    12
  336    43    46
  337    31    31
  338    27    25
  339    36    41
  340    27    32
  341     9     8
  342    40    45
  343    33    30
  344    38    39
  345    18    23
  346     9    11
  347    14    18
  348    44    40
  349    48    50
  350    40    42
  351    48    47
  352     8     9
  353     7     7
  354    30    31
  355    30    33
  356     1     1
  357    15    16
  358     5     4
  359    51    49
  360    36    35
  361    26    24
  362     8     7
  363    31    35
  364    27    29
  365     3     2
  366    12     8
  367     9     9
  368    28    25
  369    11    14
  370    36    35
  371    39    42
  372     1     2
  373    54    50
  374    31    35
  375    44    47
  376    29    30
  377    40    37
  378    20    24
  379    35    32
  380    26    23
  381    48    47
  382    49    50
  383    13     9
  384    16    18
  385    42    38
  386    10     6
  387    11    14
  388     2     5
  389    21    20
  390    22    27
  391    32    35
  392     7    10
  393    16    21
  394    38    35
  395    31    33
  396     5     8
  397    13    12
  398    40    36
  399    38    39
  400    22    20
  401    12    13
  402    41    42
  403    15    20
  404    39    42
  405     6    11
  406    37    41
  407     1     6
  408    17    15
  409    22    25
  410    49    47
  411     8     5
  412    15    10
  413    25    29
  414    50    45
  415    54    50
  416     7     5
  417     8     9
  418     6     9
  419    39    43
  420    18    20
  421    16    20
  422    11    13
  423    20    22
  424    50    48
  425     6     3
  426    39    38
  427     6     7
  428    50    46
  429    23    25
  430    48    46
  431    28    27
  432    40    42
  433     8    12
  434    50    47
  435    30    35
  436    32    33
  437    13    12
  438    32    30
  439    23    22
  440     3     1
  441    45    42
  442    16    11
  443     1     4
  444    46    50
  445    47    48
  446    20    22
  447    15    17
  448    24    27
  449    38    35
  450    16    11
  451    12     7
  452     8     4
  453    10    11
  454     6     2
  455    39    39
  456     3     5
  457    31    35
  458     9     5
  459     1     4
  460    49    44
  461    23    20
  462    45    46
  463    46    50
  464    49    45
  465    22    27
  466    41    46
  467    50    47
  468    36    34
  469    46    41
  470    45    48
  471    16    17
  472    12    11
  473    13    15
  474     3     4
  475     1     6
  476    20    24
  477    32    29
  478    40    43
  479    16    13
  480    32    27
  481    19    14
  482    29    31
  483    37    34
  484    41    42
  485    46    50
  486    49    44
  487    17    13
  488    38    41
  489    32    32
  490    25    21
  491    28    31
  492    50    46
  493     1     3
  494    21    24
  495    24    25
  496    11     7
  497    45    48
  498     6     7
  499    15    13
  500    42    45
6398
