500
    1   355   345
    2   309   299
    3   203   193
    4   306   296
    5   477   467
    6   439   429
    7   110   100
    8    75    65
    9   151   141
   10   133   123
   11   301   291
   12   212   202
   13   180   170
   14   509   499
   15   291   281
   16   411   401
   17    56    46
   18   206   196
   19    69    59
   20   414   404
   21   367   357
   22   214   204
   23   110   100
   24   230   220
   25   503   493
   26   418   408
   27   171   161
   28   337   327
   29   216   206
   30   158   148
   31   264   254
   32   127   117
   33   320   310
   34   121   111
   35   435   425
   36    25    15
   37   268   258
   38   330   320
   39   417   407
   40   189   179
   41   124   114
   42   301   291
   43   323   313
   44   114   104
   45   411   401
   46   311   301
   47   506   496
   48   403   393
   49   360   350
   50   256   246
   51   131   121
   52    54    44
   53   305   295
   54   483   473
   55   127   117
   56   331   321
   57   449   439
   58    73    63
   59   114   104
   60   104    94
   61   305   295
   62   396   386
   63   151   141
   64   315   305
   65    35    25
   66    15     5
   67   424   414
   68   122   112
   69    55    45
   70   251   241
   71   272   262
   72    80    70
   73   259   249
   74   160   150
   75    28    18
   76   210   200
   77   147   137
   78    74    64
   79   486   476
   80   407   397
   81   426   416
   82   223   213
   83    33    23
   84   105    95
   85   257   247
   86    49    39
   87   269   259
   88   358   348
   89   426   416
   90   314   304
   91   154   144
   92   178   168
   93   405   395
   94   168   158
   95   389   379
   96   144   134
   97   226   216
   98   488   478
   99   167   157
  100   137   127
  101   302   292
  102   110   100
  103   507   497
  104    90    80
  105   444   434
  106   234   224
  107    15     5
  108   116   106
  109   480   470
  110   463   453
  111   167   157
  112   429   419
  113   504   494
  114   234   224
  115   358   348
  116   339   329
  117   319   309
  118   379   369
  119    49    39
  120   346   336
  121   308   298
  122    55    45
  123   442   432
  124   245   235
  125   155   145
  126   281   271
  127   378   368
  128    49    39
  129   419   409
  130    22    12
  131   379   369
  132   444   434
  133   412   402
  134   276   266
  135   278   268
  136   321   311
  137   227   217
  138   280   270
  139   221   211
  140   125   115
  141   429   419
  142    88    78
  143   429   419
  144   414   404
  145   213   203
  146   480   470
  147   250   240
  148   489   479
  149   127   117
  150   210   200
  151   396   386
  152   397   387
  153   370   360
  154   445   435
  155    66    56
  156   232   222
  157   300   290
  158    23    13
  159   230   220
  160   131   121
  161    37    27
  162   386   376
  163    49    39
  164   489   479
  165   482   472
  166    13     3
  167    65    55
  168   197   187
  169   165   155
  170   324   314
  171    89    79
  172   392   382
  173   339   329
  174   433   423
  175    91    81
  176   198   188
  177    17     7
  178   503   493
  179   166   156
  180   210   200
  181   472   462
  182   137   127
  183    56    46
  184   465   455
  185   176   166
  186   297   287
  187   175   165
  188    72    62
  189   375   365
  190   475   465
  191   436   426
  192   282   272
  193   228   218
  194   488   478
  195   408   398
  196   379   369
  197   503   493
  198   148   138
  199   315   305
  200   456   446
  201   372   362
  202   392   382
  203   127   117
  204   225   215
  205   265   255
  206   446   436
  207   147   137
  208   413   403
  209   236   226
  210   166   156
  211   213   203
  212    82    72
  213   486   476
  214   465   455
  215   110   100
  216   252   242
  217   338   328
  218   129   119
  219   208   198
  220   472   462
  221   394   384
  222    13     3
  223   206   196
  224   433   423
  225   252   242
  226   209   199
  227   144   134
  228   155   145
  229   272   262
  230   297   287
  231   330   320
  232    80    70
  233   422   412
  234    82    72
  235   116   106
  236   332   322
  237   108    98
  238   321   311
  239    72    62
  240    70    60
  241    35    25
  242   449   439
  243    92    82
  244   194   184
  245   443   433
  246   113   103
  247   158   148
  248   178   168
  249   364   354
  250   263   253
  251   490   480
  252   208   198
  253   183   173
  254   384   374
  255   307   297
  256    61    51
  257   386   376
  258   475   465
  259    70    60
  260   384   374
  261   157   147
  262   174   164
  263   288   278
  264   306   296
  265   386   376
  266   371   361
  267   327   317
  268    22    12
  269   180   170
  270   441   431
  271   501   491
  272    75    65
  273   336   326
  274   432   422
  275    66    56
  276   465   455
  277   233   223
  278   170   160
  279    39    29
  280   489   479
  281    86    76
  282   337   327
  283   172   162
  284   372   362
  285    18     8
  286    53    43
  287    78    68
  288   183   173
  289   184   174
  290   335   325
  291   309   299
  292   226   216
  293    13     3
  294   336   326
  295   334   324
  296   162   152
  297   316   306
  298    48    38
  299   305   295
  300   454   444
  301   292   282
  302   444   434
  303   248   238
  304   470   460
  305   161   151
  306   483   473
  307   127   117
  308   239   229
  309   149   139
  310   264   254
  311   471   461
  312   347   337
  313   437   427
  314   157   147
  315   278   268
  316   492   482
  317   413   403
  318   335   325
  319   268   258
  320   492   482
  321    80    70
  322   254   244
  323   106    96
  324   417   407
  325    73    63
  326   233   223
  327    81    71
  328   204   194
  329   244   234
  330   404   394
  331   305   295
  332   288   278
  333   266   256
  334   218   208
  335    31    21
  336   207   197
  337   297   287
  338    45    35
  339   120   110
  340   340   330
  341    46    36
  342   374   364
  343   253   243
  344   281   271
  345   228   218
  346   333   323
  347    25    15
  348   425   415
  349   102    92
  350   118   108
  351    54    44
  352    91    81
  353   113   103
  354   310   300
  355   284   274
  356   129   119
  357   109    99
  358    93    83
  359   391   381
  360   180   170
  361   246   236
  362   154   144
  363   500   490
  364   257   247
  365   231   221
  366   472   462
  367   383   373
  368   264   254
  369   448   438
  370   484   474
  371   424   414
  372   377   367
  373    69    59
  374   260   250
  375   408   398
  376    95    85
  377   151   141
  378    51    41
  379   428   418
  380    42    32
  381   225   215
  382   172   162
  383   458   448
  384   223   213
  385   255   245
  386    33    23
  387    11     1
  388   307   297
  389   440   430
  390    47    37
  391   473   463
  392   201   191
  393   231   221
  394   320   310
  395   137   127
  396   315   305
  397   266   256
  398    70    60
  399   252   242
  400   127   117
  401   402   392
  402   231   221
  403   212   202
  404   361   351
  405   294   284
  406    35    25
  407   102    92
  408    37    27
  409   430   420
  410   313   303
  411   260   250
  412   212   202
  413   411   401
  414   126   116
  415   105    95
  416    79    69
  417   482   472
  418   373   363
  419   456   446
  420   506   496
  421   367   357
  422    16     6
  423   399   389
  424   456   446
  425   310   300
  426    92    82
  427   352   342
  428   164   154
  429   373   363
  430    99    89
  431   498   488
  432   114   104
  433   139   129
  434   470   460
  435    23    13
  436    96    86
  437   340   330
  438    55    45
  439   153   143
  440   138   128
  441   433   423
  442   389   379
  443   200   190
  444   426   416
  445   460   450
  446   127   117
  447   463   453
  448   288   278
  449   475   465
  450   408   398
  451   175   165
  452   435   425
  453   222   212
  454   451   441
  455   136   126
  456    97    87
  457   318   308
  458   108    98
  459   274   264
  460   460   450
  461   128   118
  462    55    45
  463   293   283
  464    74    64
  465   312   302
  466   201   191
  467   245   235
  468   159   149
  469    52    42
  470   251   241
  471   163   153
  472   164   154
  473   196   186
  474   310   300
  475   152   142
  476   292   282
  477    80    70
  478    21    11
  479    68    58
  480    94    84
  481   472   462
  482   404   394
  483   222   212
  484   440   430
  485   272   262
  486   509   499
  487   510   500
  488    35    25
  489   477   467
  490   299   289
  491    90    80
  492    97    87
  493    49    39
  494   259   249
  495   377   367
  496    26    16
  497   439   429
  498   468   458
  499   231   221
  500   497   487
82351
