100
    1   355   345
    2   309   299
    3   203   193
    4   306   296
    5   477   467
    6   439   429
    7   110   100
    8    75    65
    9   151   141
   10   133   123
   11   301   291
   12   212   202
   13   180   170
   14   509   499
   15   291   281
   16   411   401
   17    56    46
   18   206   196
   19    69    59
   20   414   404
   21   367   357
   22   214   204
   23   110   100
   24   230   220
   25   503   493
   26   418   408
   27   171   161
   28   337   327
   29   216   206
   30   158   148
   31   264   254
   32   127   117
   33   320   310
   34   121   111
   35   435   425
   36    25    15
   37   268   258
   38   330   320
   39   417   407
   40   189   179
   41   124   114
   42   301   291
   43   323   313
   44   114   104
   45   411   401
   46   311   301
   47   506   496
   48   403   393
   49   360   350
   50   256   246
   51   131   121
   52    54    44
   53   305   295
   54   483   473
   55   127   117
   56   331   321
   57   449   439
   58    73    63
   59   114   104
   60   104    94
   61   305   295
   62   396   386
   63   151   141
   64   315   305
   65    35    25
   66    15     5
   67   424   414
   68   122   112
   69    55    45
   70   251   241
   71   272   262
   72    80    70
   73   259   249
   74   160   150
   75    28    18
   76   210   200
   77   147   137
   78    74    64
   79   486   476
   80   407   397
   81   426   416
   82   223   213
   83    33    23
   84   105    95
   85   257   247
   86    49    39
   87   269   259
   88   358   348
   89   426   416
   90   314   304
   91   154   144
   92   178   168
   93   405   395
   94   168   158
   95   389   379
   96   144   134
   97   226   216
   98   488   478
   99   167   157
  100   137   127
15876
