500
    1    44    45
    2    38    43
    3    19    17
    4    49    50
    5    46    41
    6    38    41
    7    19    20
    8    32    31
    9    49    46
   10     5     9
   11     2     7
   12    54    50
   13    48    43
   14    16    11
   15     3     6
   16     7     4
   17     8    10
   18    23    25
   19    10     8
   20     7     7
   21     9    14
   22    14    13
   23     6     1
   24    49    46
   25    55    50
   26    21    21
   27    40    45
   28    17    17
   29    44    39
   30     7     4
   31    49    45
   32    41    41
   33    29    25
   34     9    14
   35    49    45
   36     9    12
   37    54    49
   38    15    18
   39    37    37
   40    22    26
   41    14    16
   42    28    23
   43    47    47
   44     7     9
   45    13    16
   46    44    44
   47    49    45
   48    26    29
   49    11    16
   50     3     7
   51    46    42
   52    44    47
   53    37    34
   54     7     5
   55    21    20
   56    10     7
   57    43    44
   58    47    48
   59     6     9
   60    40    39
   61    45    48
   62    31    32
   63    47    45
   64    15    18
   65    12     9
   66    18    19
   67     1     2
   68    15    18
   69    12    17
   70     9    11
   71    19    19
   72    18    19
   73     1     3
   74    45    40
   75    17    17
   76    32    36
   77     5    10
   78     2     6
   79    40    40
   80    24    20
   81    31    27
   82    44    39
   83    18    22
   84    10     5
   85     1     5
   86    25    29
   87    32    29
   88    29    31
   89     9     7
   90    11     6
   91     7    12
   92    47    46
   93    12    16
   94    13    15
   95    20    15
   96    22    26
   97    22    18
   98    45    48
   99    40    43
  100     3     5
  101    17    12
  102    18    17
  103     5     5
  104    34    37
  105    23    26
  106     1     3
  107    22    26
  108    53    50
  109    23    28
  110    47    48
  111    30    34
  112    48    46
  113    47    42
  114    30    34
  115    13    12
  116    19    20
  117    12    12
  118    10     6
  119    53    48
  120    17    12
  121    30    25
  122    31    32
  123    30    33
  124    52    48
  125     1     4
  126    32    30
  127    26    23
  128    50    47
  129    26    26
  130    15    10
  131    46    47
  132    29    28
  133    25    26
  134    18    17
  135    25    20
  136    45    41
  137    23    26
  138     3     6
  139    26    23
  140    32    29
  141    31    26
  142    11    12
  143    11     8
  144    13    18
  145    21    24
  146    45    49
  147     8     3
  148    26    24
  149     1     6
  150    48    45
  151    37    32
  152    40    38
  153     1     1
  154    14    17
  155    42    39
  156    16    11
  157    28    27
  158    18    18
  159     7     3
  160    12     8
  161    21    20
  162    42    46
  163    13    13
  164    21    21
  165    35    34
  166    40    45
  167     8     6
  168    22    21
  169    38    37
  170     6    10
  171    35    36
  172    46    43
  173    16    18
  174    13    15
  175    42    42
  176    48    44
  177     1     3
  178    28    24
  179    44    49
  180    32    31
  181    38    36
  182    37    40
  183    25    21
  184    18    23
  185    40    38
  186    10    14
  187    10     9
  188    50    48
  189    42    41
  190    22    18
  191    17    15
  192    48    48
  193    40    45
  194     1     1
  195    32    30
  196    10    13
  197    23    21
  198    30    27
  199     8     6
  200    47    42
  201    39    42
  202     3     2
  203    37    34
  204    42    42
  205    15    20
  206    54    50
  207     1     1
  208    46    45
  209    19    22
  210    49    46
  211    10     7
  212    44    39
  213    48    50
  214    40    42
  215    12    13
  216    35    38
  217    33    29
  218    10    13
  219    35    30
  220    48    43
  221    20    23
  222    42    40
  223    50    50
  224     7     3
  225    19    15
  226    13    15
  227    11    12
  228    24    26
  229    11     8
  230    11    14
  231    22    18
  232    37    33
  233     4     2
  234    30    35
  235    44    42
  236     1     3
  237    36    36
  238    44    42
  239    22    20
  240    11     8
  241     9    12
  242     9    12
  243    13    12
  244    55    50
  245    16    17
  246    29    30
  247    41    39
  248    19    17
  249    27    29
  250    23    21
  251    34    38
  252    30    34
  253    38    38
  254    13    13
  255    47    48
  256    36    36
  257    34    35
  258    32    27
  259    31    26
  260    21    16
  261     1     4
  262    13     8
  263    51    50
  264    52    48
  265    51    48
  266    45    47
  267    22    27
  268     2     1
  269    49    44
  270    36    32
  271     2     3
  272    10    12
  273    27    25
  274    12    14
  275    39    38
  276     4     1
  277    47    50
  278    46    49
  279    17    18
  280    11     9
  281    17    12
  282    20    15
  283    40    40
  284    13    14
  285    49    47
  286    32    30
  287    36    36
  288    54    50
  289     6     2
  290    32    34
  291    18    13
  292    29    31
  293    10     7
  294    22    21
  295    48    50
  296    16    16
  297    44    39
  298    49    45
  299    41    41
  300    29    33
  301    37    37
  302     1     2
  303    43    45
  304    43    46
  305    23    24
  306    33    33
  307    38    34
  308     5     2
  309    36    41
  310    28    24
  311    45    49
  312    14    19
  313    23    19
  314     6     7
  315    38    37
  316    26    27
  317    51    50
  318    24    28
  319    25    23
  320    42    40
  321    31    33
  322    15    12
  323    35    35
  324    40    43
  325    33    30
  326     8     8
  327    44    39
  328     5     8
  329    22    21
  330    47    44
  331    31    27
  332    48    50
  333    43    48
  334    35    35
  335     7    11
  336    34    34
  337    37    42
  338    44    48
  339    31    31
  340    45    43
  341    20    16
  342    10    11
  343    40    39
  344    26    31
  345    46    49
  346    49    48
  347     5     7
  348     4     1
  349     6     6
  350    15    12
  351    10     7
  352    44    41
  353     7     7
  354    19    17
  355    26    25
  356    35    30
  357    34    32
  358    23    26
  359    10    14
  360    41    39
  361     4     7
  362    14    12
  363    37    42
  364    25    21
  365     4     3
  366    18    20
  367    17    16
  368    19    17
  369    52    48
  370    39    44
  371    41    45
  372     9     5
  373     1     3
  374    26    29
  375    23    27
  376     8    12
  377    11    16
  378    37    33
  379    16    17
  380    19    20
  381    12    14
  382    49    50
  383    49    49
  384    38    42
  385     9     6
  386    21    22
  387    14    12
  388    14    15
  389    16    15
  390    18    21
  391    11     8
  392     4     8
  393    15    20
  394     4     1
  395    41    39
  396    40    36
  397    35    31
  398    30    27
  399    29    33
  400    40    42
  401    33    33
  402    14    14
  403    44    47
  404     6     4
  405     8     5
  406     7     9
  407    31    33
  408    27    31
  409    24    25
  410    35    37
  411    33    28
  412    22    26
  413     9    14
  414    26    24
  415    11     6
  416    20    23
  417    33    38
  418    43    41
  419    32    35
  420    50    45
  421    31    30
  422    18    22
  423    14    16
  424    43    41
  425    44    47
  426    21    18
  427     4     7
  428    40    37
  429    41    41
  430    41    45
  431    18    16
  432    34    35
  433     2     1
  434    35    38
  435    12     8
  436    20    22
  437    44    39
  438    27    27
  439     8    11
  440    24    22
  441    13    11
  442    31    33
  443    20    23
  444    17    21
  445    13    18
  446    47    49
  447    26    28
  448    31    32
  449     2     4
  450    46    48
  451     5     8
  452    45    48
  453    49    46
  454     5     4
  455    33    29
  456    41    45
  457     3     4
  458     6    11
  459    30    34
  460    15    11
  461    48    48
  462    32    29
  463     8    10
  464     4     9
  465    24    25
  466    42    41
  467    34    37
  468     5     5
  469    39    37
  470    39    36
  471    16    15
  472    34    34
  473    23    23
  474     2     5
  475     1     1
  476    46    46
  477     9    12
  478    10    13
  479    10    10
  480    53    48
  481    42    42
  482    11    14
  483    42    40
  484    30    29
  485    39    38
  486     2     2
  487    40    37
  488    29    31
  489     7     4
  490    37    38
  491    27    24
  492    27    28
  493    48    44
  494     8    12
  495    19    14
  496    16    13
  497    16    16
  498    16    18
  499     3     1
  500    50    47
8602
