500
    1   152   415
    2   460   464
    3   434   374
    4   374   395
    5   379   248
    6   407   437
    7   463   429
    8   145    43
    9    44   361
   10    64   378
   11     9   355
   12    57   383
   13   205   216
   14   472   184
   15   313    28
   16   426   128
   17   488   225
   18   432   440
   19   212   389
   20    39    30
   21   275    53
   22   281   223
   23   426   376
   24   458   254
   25   123   440
   26   384   116
   27   342   158
   28   121   255
   29   252   253
   30   158   395
   31   183   493
   32   134   163
   33   470   167
   34   421   313
   35   301    48
   36   139   413
   37   355   224
   38   457   148
   39   176   200
   40   317   434
   41   410   223
   42   171   157
   43   475     6
   44    33   145
   45   120   435
   46   241   294
   47   406   413
   48    98   129
   49   494   495
   50   171   152
   51   209   110
   52   324    96
   53   137   257
   54    95   424
   55   490   488
   56   296   339
   57   208   213
   58   498   154
   59   374    52
   60   113   106
   61   294   416
   62   376   178
   63   147   275
   64    35   474
   65   292   275
   66   399   384
   67   195   296
   68    55    94
   69   278   216
   70   203   329
   71   283    17
   72   129    13
   73   291   454
   74    67   459
   75   320   155
   76   220   152
   77   152   482
   78   451   383
   79   362   340
   80   497   238
   81   489    33
   82   208   349
   83   227   334
   84    80   297
   85   315   193
   86    86   497
   87   308   351
   88   377   376
   89   422   446
   90    88   171
   91    68   444
   92   255   148
   93   235   260
   94    30   387
   95   238   272
   96   316    37
   97   343   445
   98     2   420
   99   186   460
  100   186   144
  101   422     9
  102   371   264
  103   128    82
  104   419    12
  105   353   417
  106   125    90
  107   220   407
  108   338    98
  109   252   298
  110   238   253
  111   423   378
  112   332   139
  113    47   205
  114    85   473
  115   496   381
  116   195   122
  117   165   347
  118   371   377
  119   108    17
  120    97   128
  121    95   403
  122   272   340
  123   160   283
  124   385   202
  125    57   153
  126   290   470
  127   490   247
  128   268   215
  129   393   342
  130   130   239
  131   228   193
  132   201    37
  133   182   114
  134   224   216
  135    51   432
  136   369   438
  137    74   165
  138   187   306
  139    85   101
  140   363   448
  141   176    75
  142   446   444
  143    75   231
  144     5     3
  145   142    37
  146    16   458
  147   355   446
  148   321   147
  149   478   312
  150   244   426
  151   426   477
  152   360   412
  153   293    21
  154    29   444
  155   338   253
  156    94   192
  157   163   122
  158   335    91
  159   273    85
  160   239   229
  161   428    49
  162    39   482
  163   492   378
  164   483   173
  165   114    33
  166   435   206
  167   297   270
  168   238   479
  169   348   229
  170   315   145
  171   316   362
  172   284   105
  173   120   304
  174    84   417
  175   453   402
  176   446   450
  177   205   322
  178   252   477
  179   236   290
  180    70   227
  181   329   135
  182   339   256
  183   359    60
  184   367   168
  185   399   424
  186   423   329
  187   451   102
  188   146   281
  189    85   275
  190   121   113
  191   414   346
  192   121   154
  193   275   344
  194    58   348
  195   342   437
  196    79   405
  197   218   219
  198   454   493
  199   256     2
  200   202    61
  201    78   494
  202   219    52
  203    78   298
  204   268   146
  205    64    90
  206   246   316
  207   429   384
  208   493   273
  209   216    71
  210    53   293
  211   203    76
  212   495   159
  213   455   110
  214   451   472
  215    21   349
  216   404   443
  217   229   336
  218   235   175
  219    33    85
  220   397    18
  221   375     5
  222   408   216
  223   481   121
  224   398    19
  225   390   183
  226   361    35
  227   202   311
  228   195   125
  229   206   467
  230   186   270
  231   238    37
  232   305   254
  233   452   276
  234   445   250
  235   225   133
  236    38   187
  237   120   169
  238   306   365
  239   163    32
  240    16    16
  241   147   181
  242   475   235
  243   276   145
  244   106   491
  245   489   354
  246   132   366
  247   274   165
  248   369   493
  249   259   236
  250   391   432
  251   342   154
  252   275   146
  253    22   232
  254   404   353
  255   346   247
  256   107   220
  257   109   164
  258   478   184
  259   112    99
  260    74   356
  261    91   103
  262   296   117
  263   497   246
  264   379    66
  265    70   111
  266   312   445
  267   443   470
  268   424    31
  269   165   452
  270    11    47
  271   399   227
  272   418    23
  273   114   267
  274   478    22
  275    91   325
  276   385   450
  277    56   170
  278    46    98
  279   153   160
  280   120   500
  281    61   280
  282   481   422
  283   261   487
  284   341   462
  285    16   228
  286   174   244
  287    86   151
  288   114   200
  289    17   320
  290    36   242
  291   160   322
  292   445    19
  293   147    48
  294   407   185
  295   275   286
  296   264   382
  297   132   306
  298   476   258
  299   311     9
  300   353   307
  301   361   168
  302   293    50
  303   194   241
  304   375   397
  305   257   359
  306   131   415
  307   380   323
  308   382   341
  309   430   203
  310   125   195
  311   418   473
  312   179   138
  313    96   486
  314   267   289
  315   454   401
  316   237   174
  317   151   296
  318   400    45
  319    15    94
  320   405   192
  321   260   362
  322    35   246
  323   271   423
  324    42   254
  325   272   337
  326   326   367
  327     3   145
  328   461    18
  329   299   109
  330   161   168
  331   413   135
  332    77    51
  333   154    80
  334   396   400
  335   442   109
  336   427   375
  337   217   202
  338   336   218
  339   236   124
  340   183   351
  341   113    73
  342   250   226
  343    13   245
  344    17   472
  345    26   324
  346   211   134
  347   245   343
  348   317    61
  349   114    13
  350   120   335
  351   471   320
  352   479    72
  353    59   256
  354   235   104
  355   256   468
  356   378   156
  357    65   151
  358    35    99
  359    73   378
  360   116   394
  361   257   289
  362    80   116
  363   321    48
  364    48   462
  365   375   305
  366     8   483
  367   377   120
  368   391   108
  369   280   283
  370   327   454
  371   394   147
  372   203   457
  373   164   407
  374   191   326
  375   346   208
  376   318   145
  377    41   342
  378    68    41
  379   354   199
  380   380    68
  381    53   230
  382   309   351
  383    20   492
  384    16   367
  385   439   175
  386   140   291
  387   426   263
  388   238    74
  389    66   161
  390   121   316
  391   314   130
  392   151     5
  393   500    70
  394    43    70
  395   287   344
  396    59   313
  397   320   447
  398    65   119
  399   418   178
  400    13    65
  401   444   156
  402   158   289
  403    25   173
  404    66    19
  405    43    98
  406   358    28
  407   461   261
  408   151    98
  409    47   326
  410   290   130
  411   341    50
  412    65   491
  413   348    48
  414    51   352
  415    12   115
  416   248   494
  417   151   166
  418   210   424
  419   231   380
  420   120    19
  421   311   441
  422   444   230
  423    24   361
  424   441   383
  425   363    92
  426   412    97
  427   404     6
  428    52   379
  429   365   406
  430   356   393
  431   456   354
  432   267    25
  433   124   289
  434   175    80
  435   163   178
  436   228     8
  437   178    65
  438   117   223
  439    50   149
  440   346   194
  441   206   477
  442    41   408
  443   131   143
  444   418   393
  445    55   439
  446   338   327
  447   314   236
  448    95    88
  449   103   422
  450   430   334
  451   486   160
  452    62   141
  453   152   280
  454   157   407
  455   296   170
  456   190   134
  457   442   170
  458   269   370
  459    62    15
  460   181    25
  461   478   429
  462   500     9
  463    69   373
  464    88   326
  465   300   224
  466   237   333
  467   147   378
  468    86   373
  469   333   134
  470   366   225
  471   450    64
  472   256   206
  473     5   334
  474   477    55
  475   222   247
  476   363   119
  477   446   394
  478   266   332
  479    94   156
  480   269   418
  481   143   219
  482   342   446
  483   279   499
  484   255   365
  485   321   129
  486   486   361
  487   115   110
  488   254   420
  489   493   377
  490   216     4
  491   143   218
  492   292   311
  493   307   336
  494   136   151
  495   329   450
  496   379   270
  497   404   235
  498   304    76
  499   281    92
  500    14   202
103030
