100
    1     2    15
    2    10    14
    3    34    24
    4    24    45
    5    29    48
    6     7    37
    7    13    29
    8    45    43
    9    44    11
   10    14    28
   11     9     5
   12     7    33
   13     5    16
   14    22    34
   15    13    28
   16    26    28
   17    38    25
   18    32    40
   19    12    39
   20    39    30
   21    25     3
   22    31    23
   23    26    26
   24     8     4
   25    23    40
   26    34    16
   27    42     8
   28    21     5
   29     2     3
   30     8    45
   31    33    43
   32    34    13
   33    20    17
   34    21    13
   35     1    48
   36    39    13
   37     5    24
   38     7    48
   39    26    50
   40    17    34
   41    10    23
   42    21     7
   43    25     6
   44    33    45
   45    20    35
   46    41    44
   47     6    13
   48    48    29
   49    44    45
   50    21     2
   51     9    10
   52    24    46
   53    37     7
   54    45    24
   55    40    38
   56    46    39
   57     8    13
   58    48     4
   59    24     2
   60    13     6
   61    44    16
   62    26    28
   63    47    25
   64    35    24
   65    42    25
   66    49    34
   67    45    46
   68     5    44
   69    28    16
   70     3    29
   71    33    17
   72    29    13
   73    41     4
   74    17     9
   75    20     5
   76    20     2
   77     2    32
   78     1    33
   79    12    40
   80    47    38
   81    39    33
   82     8    49
   83    27    34
   84    30    47
   85    15    43
   86    36    47
   87     8     1
   88    27    26
   89    22    46
   90    38    21
   91    18    44
   92     5    48
   93    35    10
   94    30    37
   95    38    22
   96    16    37
   97    43    45
   98     2    20
   99    36    10
  100    36    44
2191
