100
    1   430   415
    2   483   464
    3   387   374
    4   403   395
    5   292   248
    6   455   437
    7   404   429
    8    53    43
    9   339   361
   10   375   378
   11   327   355
   12   362   383
   13   255   216
   14   188   184
   15    27    28
   16   114   128
   17   177   225
   18   404   440
   19   371   389
   20    37    30
   21    35    53
   22   184   223
   23   382   376
   24   282   254
   25   414   440
   26    68   116
   27   198   158
   28   231   255
   29   221   253
   30   428   395
   31   499   493
   32   147   163
   33   214   167
   34   316   313
   35    25    48
   36   421   413
   37   191   224
   38   113   148
   39   192   200
   40   399   434
   41   223   223
   42   149   157
   43    37     6
   44   143   145
   45   412   435
   46   306   294
   47   391   413
   48   177   129
   49   467   495
   50   143   152
   51    71   110
   52   116    96
   53   265   257
   54   391   424
   55   525   488
   56   338   339
   57   237   213
   58   169   154
   59    12    52
   60   130   106
   61   377   416
   62   128   178
   63   303   275
   64   521   474
   65   262   275
   66   376   384
   67   301   296
   68    64    94
   69   224   216
   70   327   329
   71    57    17
   72     1    13
   73   456   454
   74   467   459
   75   196   155
   76   174   152
   77   485   482
   78   400   383
   79   366   340
   80   261   238
   81    82    33
   82   375   349
   83   358   334
   84   261   297
   85   159   193
   86   517   497
   87   370   351
   88   403   376
   89   417   446
   90   217   171
   91   425   444
   92   162   148
   93   277   260
   94   381   387
   95   302   272
   96    70    37
   97   481   445
   98   372   420
   99   427   460
  100   172   144
22858
