100
    1   355   345
    2   309   299
    3   703   693
    4   806   796
    5   477   467
    6   439   429
    7   110   100
    8    75    65
    9   151   141
   10   633   623
   11   301   291
   12   712   702
   13   680   670
   14  1009   999
   15   791   781
   16   411   401
   17    56    46
   18   206   196
   19    69    59
   20   914   904
   21   367   357
   22   214   204
   23   110   100
   24   730   720
   25   503   493
   26   418   408
   27   671   661
   28   337   327
   29   216   206
   30   158   148
   31   264   254
   32   627   617
   33   320   310
   34   621   611
   35   435   425
   36    25    15
   37   268   258
   38   330   320
   39   417   407
   40   689   679
   41   624   614
   42   801   791
   43   323   313
   44   614   604
   45   911   901
   46   811   801
   47   506   496
   48   903   893
   49   360   350
   50   256   246
   51   131   121
   52    54    44
   53   805   795
   54   983   973
   55   627   617
   56   831   821
   57   449   439
   58    73    63
   59   114   104
   60   104    94
   61   805   795
   62   396   386
   63   151   141
   64   815   805
   65   535   525
   66   515   505
   67   424   414
   68   622   612
   69    55    45
   70   251   241
   71   772   762
   72   580   570
   73   759   749
   74   160   150
   75   528   518
   76   710   700
   77   647   637
   78   574   564
   79   986   976
   80   907   897
   81   426   416
   82   723   713
   83   533   523
   84   605   595
   85   257   247
   86    49    39
   87   769   759
   88   858   848
   89   426   416
   90   314   304
   91   654   644
   92   178   168
   93   405   395
   94   668   658
   95   389   379
   96   644   634
   97   226   216
   98   988   978
   99   667   657
  100   137   127
31543
