100
    1    39    35
    2    30    26
    3    52    48
    4    26    21
    5    27    22
    6    48    45
    7    44    43
    8    42    45
    9    10     5
   10     1     2
   11     6     9
   12     6     1
   13    18    22
   14    40    44
   15    38    38
   16    22    24
   17    11    15
   18    29    32
   19    22    17
   20    32    34
   21    54    49
   22    31    33
   23    36    32
   24    17    22
   25    25    24
   26    36    38
   27     3     6
   28    47    45
   29    50    45
   30    29    29
   31    48    49
   32    24    27
   33    44    47
   34    17    19
   35    47    42
   36    12     7
   37    22    22
   38    20    20
   39    52    48
   40    47    50
   41    41    45
   42    15    17
   43    24    22
   44    43    45
   45     8    13
   46    46    48
   47    38    37
   48    22    23
   49    27    29
   50    28    24
   51    35    40
   52     5     4
   53    13    17
   54    41    46
   55    11    10
   56     6     3
   57    45    41
   58    22    24
   59    25    30
   60    36    38
   61    35    40
   62    36    40
   63    52    49
   64    51    46
   65    11    15
   66    26    28
   67    18    20
   68    31    36
   69    17    22
   70     1     1
   71    19    23
   72    31    31
   73    13     8
   74    31    35
   75     8     3
   76    42    42
   77    40    42
   78    30    25
   79    33    36
   80    12    12
   81     9     9
   82    11    13
   83    40    38
   84    25    29
   85    41    37
   86    19    19
   87    12    11
   88    46    46
   89    47    42
   90     6    11
   91    13    14
   92    31    36
   93    29    30
   94    46    49
   95    48    44
   96    49    49
   97    42    41
   98    28    30
   99    50    48
  100    39    40
488
