100
    1   946   204
    2   819   448
    3   420   654
    4   800   863
    5   406   928
    6   941   294
    7    70   801
    8   560   608
    9   795   769
   10   583    70
   11   595     8
   12   695   183
   13   463   696
   14   742   616
   15   171   561
   16   352   801
   17   858   481
   18   182   396
   19   887   997
   20   606   458
   21   470   737
   22   955   844
   23   552   656
   24   764   331
   25   493   465
   26   363   132
   27   588    70
   28   220   636
   29   982   810
   30   261   171
   31   793   398
   32   796   800
   33   872   240
   34   347   617
   35   768   744
   36   785   109
   37   741   448
   38   187   553
   39   339   160
   40   408    59
   41   320   451
   42   442   902
   43   518   730
   44   127   634
   45    23   731
   46   375    47
   47   513   358
   48     1   526
   49   593   659
   50   686   668
   51   235   507
   52   239   652
   53   751   289
   54   129   464
   55   232   581
   56   518   588
   57   551   909
   58   992    31
   59   212   472
   60   487    54
   61   548   209
   62   954    87
   63   166   180
   64   898   303
   65   599   880
   66   153   840
   67   261   465
   68   970   115
   69   753   720
   70   938   270
   71   317   722
   72   955   378
   73   181   906
   74   154   803
   75   107   892
   76   518   557
   77     2   615
   78   265   551
   79    20   837
   80   868   183
   81   503   866
   82   818   122
   83   906   599
   84   254   422
   85   517   226
   86   177    38
   87   302   284
   88   459   640
   89   784   630
   90   571   775
   91   246   497
   92     2   489
   93   686   977
   94   273   572
   95   272   700
   96   387    57
   97   101   117
   98   604   853
   99   541   264
  100   465   128
16612
