100
    1    22    24
    2    18    21
    3    14    11
    4     8     8
    5    33    35
    6    37    42
    7    10    10
    8    17    20
    9    38    34
   10    43    39
   11     2     6
   12    11    16
   13    17    19
   14    37    39
   15    30    33
   16    22    27
   17    48    46
   18     9    11
   19    24    28
   20    29    33
   21    21    26
   22     8     4
   23    34    29
   24    36    39
   25    11     7
   26    23    27
   27    35    33
   28    30    26
   29    19    24
   30     7    12
   31    45    46
   32    20    20
   33    31    32
   34    11    16
   35    41    45
   36    13    10
   37    23    23
   38    37    35
   39    24    23
   40    21    17
   41     5     8
   42    36    38
   43    40    39
   44    25    20
   45    47    48
   46    49    45
   47    22    26
   48    24    26
   49    38    38
   50    12    13
   51    22    25
   52     1     1
   53     8    12
   54    35    35
   55    49    49
   56    21    22
   57    27    26
   58    38    39
   59    18    17
   60    19    23
   61    31    27
   62    35    33
   63    17    12
   64    11    11
   65    45    44
   66     7     5
   67     9     9
   68    40    41
   69    21    19
   70    41    40
   71    24    20
   72    21    22
   73     1     5
   74    17    22
   75    27    28
   76    23    21
   77    37    37
   78    30    30
   79    42    39
   80     1     1
   81    22    22
   82    30    30
   83    13    11
   84    12    14
   85    16    14
   86     8     8
   87     8     6
   88    31    35
   89    18    19
   90    39    40
   91    33    29
   92    41    41
   93    25    21
   94    42    44
   95     9     9
   96    15    18
   97    46    44
   98    27    25
   99    31    29
  100    15    17
1244
