100
    1    44    45
    2    38    43
    3    19    17
    4    49    50
    5    46    41
    6    38    41
    7    19    20
    8    32    31
    9    49    46
   10     5     9
   11     2     7
   12    54    50
   13    48    43
   14    16    11
   15     3     6
   16     7     4
   17     8    10
   18    23    25
   19    10     8
   20     7     7
   21     9    14
   22    14    13
   23     6     1
   24    49    46
   25    55    50
   26    21    21
   27    40    45
   28    17    17
   29    44    39
   30     7     4
   31    49    45
   32    41    41
   33    29    25
   34     9    14
   35    49    45
   36     9    12
   37    54    49
   38    15    18
   39    37    37
   40    22    26
   41    14    16
   42    28    23
   43    47    47
   44     7     9
   45    13    16
   46    44    44
   47    49    45
   48    26    29
   49    11    16
   50     3     7
   51    46    42
   52    44    47
   53    37    34
   54     7     5
   55    21    20
   56    10     7
   57    43    44
   58    47    48
   59     6     9
   60    40    39
   61    45    48
   62    31    32
   63    47    45
   64    15    18
   65    12     9
   66    18    19
   67     1     2
   68    15    18
   69    12    17
   70     9    11
   71    19    19
   72    18    19
   73     1     3
   74    45    40
   75    17    17
   76    32    36
   77     5    10
   78     2     6
   79    40    40
   80    24    20
   81    31    27
   82    44    39
   83    18    22
   84    10     5
   85     1     5
   86    25    29
   87    32    29
   88    29    31
   89     9     7
   90    11     6
   91     7    12
   92    47    46
   93    12    16
   94    13    15
   95    20    15
   96    22    26
   97    22    18
   98    45    48
   99    40    43
  100     3     5
1664
