100
    1   208   204
    2   469   448
    3   698   654
    4   867   863
    5   896   928
    6   330   294
    7   875   801
    8   620   608
    9   731   769
   10   144    70
   11    18     8
   12   230   183
   13   628   696
   14   706   616
   15   591   561
   16   868   801
   17   535   481
   18   324   396
   19  1060   997
   20   462   458
   21   648   737
   22   867   844
   23   571   656
   24   331   331
   25   447   465
   26   109   132
   27    73    70
   28   573   636
   29   794   810
   30   259   171
   31   431   398
   32   880   800
   33   279   240
   34   601   617
   35   659   744
   36    75   109
   37   493   448
   38   606   553
   39   203   160
   40    93    59
   41   444   451
   42   900   902
   43   816   730
   44   535   634
   45   823   731
   46    75    47
   47   318   358
   48   496   526
   49   629   659
   50   727   668
   51   553   507
   52   695   652
   53   303   289
   54   427   464
   55   555   581
   56   674   588
   57   958   909
   58   116    31
   59   382   472
   60    13    54
   61   307   209
   62    30    87
   63   240   180
   64   260   303
   65   933   880
   66   850   840
   67   399   465
   68    60   115
   69   741   720
   70   235   270
   71   743   722
   72   306   378
   73   833   906
   74   752   803
   75   794   892
   76   571   557
   77   582   615
   78   634   551
   79   825   837
   80   252   183
   81   786   866
   82    34   122
   83   697   599
   84   341   422
   85   176   226
   86    86    38
   87   237   284
   88   573   640
   89   646   630
   90   745   775
   91   422   497
   92   531   489
   93   951   977
   94   556   572
   95   755   700
   96     1    57
   97    44   117
   98   951   853
   99   299   264
  100   167   128
16612
