100
    1    47    24
    2    33    21
    3    25    11
    4     9     8
    5    14    35
    6    48    42
    7    34    10
    8     4    20
    9    45    34
   10    43    39
   11    50     6
   12    32    16
   13    12    19
   14    35    39
   15    36    33
   16     9    27
   17    35    46
   18    49    11
   19    27    28
   20    16    33
   21     4    26
   22    30     4
   23    27    29
   24    29    39
   25    20     7
   26     3    27
   27     7    33
   28    20    26
   29    23    24
   30    27    12
   31    40    46
   32    25    20
   33    39    32
   34     6    16
   35    30    45
   36     4    10
   37    46    23
   38    44    35
   39     1    23
   40    26    17
   41    17     8
   42    18    38
   43     2    39
   44    14    20
   45    39    48
   46    46    45
   47     9    26
   48    17    26
   49     9    38
   50    30    13
   51    44    25
   52    33     1
   53    14    12
   54    18    35
   55    19    49
   56    45    22
   57    37    26
   58    11    39
   59    15    17
   60    12    23
   61    47    27
   62    45    33
   63    44    12
   64    42    11
   65    29    44
   66    20     5
   67    40     9
   68    16    41
   69    11    19
   70    26    40
   71    22    20
   72    30    22
   73     2     5
   74    40    22
   75    27    28
   76     3    21
   77    19    37
   78    44    30
   79    17    39
   80    44     1
   81    14    22
   82    49    30
   83    28    11
   84    47    14
   85    16    14
   86    29     8
   87    39     6
   88    48    35
   89    15    19
   90     9    40
   91    37    29
   92     2    41
   93    36    21
   94    41    44
   95    45     9
   96    29    18
   97    16    44
   98    37    25
   99    39    29
  100     5    17
1244
