100
    1   284   274
    2   457   447
    3   581   571
    4   493   483
    5    71    61
    6   435   425
    7   668   658
    8   619   609
    9   545   535
   10   524   514
   11   802   792
   12  1008   998
   13   570   560
   14    44    34
   15   380   370
   16   314   304
   17   594   584
   18   505   495
   19   899   889
   20   753   743
   21    16     6
   22   410   400
   23   476   466
   24    42    32
   25   929   919
   26   622   612
   27   149   139
   28   545   535
   29   393   383
   30   346   336
   31    37    27
   32   819   809
   33   906   896
   34   745   735
   35   921   911
   36   609   599
   37   638   628
   38   437   427
   39   943   933
   40   976   966
   41   186   176
   42   964   954
   43   264   254
   44   790   780
   45   289   279
   46   687   677
   47   599   589
   48   839   829
   49   417   407
   50   380   370
   51   137   127
   52   213   203
   53   943   933
   54   467   457
   55   136   126
   56    30    20
   57   634   624
   58   533   523
   59   472   462
   60   687   677
   61   606   596
   62   600   590
   63   980   970
   64   135   125
   65   392   382
   66   199   189
   67   526   516
   68   166   156
   69   905   895
   70   190   180
   71   770   760
   72   364   354
   73   433   423
   74   956   946
   75    45    35
   76   454   444
   77   233   223
   78   961   951
   79   527   517
   80   986   976
   81   268   258
   82   527   517
   83   898   888
   84    28    18
   85   499   489
   86   612   602
   87    30    20
   88   674   664
   89   908   898
   90   349   339
   91   355   345
   92   106    96
   93   886   876
   94   919   909
   95   786   776
   96   827   817
   97   948   938
   98   119   109
   99   673   663
  100   240   230
25626
