100
    1   446   204
    2   319   448
    3   420   154
    4   300   363
    5   406   428
    6   441   294
    7    70   301
    8    60   108
    9   295   269
   10    83    70
   11    95     8
   12   195   183
   13   463   196
   14   242   116
   15   171    61
   16   352   301
   17   358   481
   18   182   396
   19   387   497
   20   106   458
   21   470   237
   22   455   344
   23    52   156
   24   264   331
   25   493   465
   26   363   132
   27    88    70
   28   220   136
   29   482   310
   30   261   171
   31   293   398
   32   296   300
   33   372   240
   34   347   117
   35   268   244
   36   285   109
   37   241   448
   38   187    53
   39   339   160
   40   408    59
   41   320   451
   42   442   402
   43    18   230
   44   127   134
   45    23   231
   46   375    47
   47    13   358
   48     1    26
   49    93   159
   50   186   168
   51   235     7
   52   239   152
   53   251   289
   54   129   464
   55   232    81
   56    18    88
   57    51   409
   58   492    31
   59   212   472
   60   487    54
   61    48   209
   62   454    87
   63   166   180
   64   398   303
   65    99   380
   66   153   340
   67   261   465
   68   470   115
   69   253   220
   70   438   270
   71   317   222
   72   455   378
   73   181   406
   74   154   303
   75   107   392
   76    18    57
   77     2   115
   78   265    51
   79    20   337
   80   368   183
   81     3   366
   82   318   122
   83   406    99
   84   254   422
   85    17   226
   86   177    38
   87   302   284
   88   459   140
   89   284   130
   90    71   275
   91   246   497
   92     2   489
   93   186   477
   94   273    72
   95   272   200
   96   387    57
   97   101   117
   98   104   353
   99    41   264
  100   465   128
7946
