100
    1   495   485
    2   104    94
    3   336   326
    4    16     6
    5   258   248
    6   426   416
    7   431   421
    8   502   492
    9   332   322
   10   159   149
   11   305   295
   12   247   237
   13    53    43
   14   467   457
   15   355   345
   16   325   315
   17   465   455
   18   456   446
   19   262   252
   20   432   422
   21    19     9
   22   301   291
   23   411   401
   24   369   359
   25   132   122
   26   177   167
   27   104    94
   28   108    98
   29   248   238
   30    17     7
   31    84    74
   32    54    44
   33   225   215
   34   344   334
   35   392   382
   36   276   266
   37   377   367
   38   504   494
   39   494   484
   40   403   393
   41   309   299
   42   143   133
   43   443   433
   44   141   131
   45   192   182
   46   438   428
   47    82    72
   48   210   200
   49   384   374
   50   127   117
   51   148   138
   52   384   374
   53   366   356
   54   230   220
   55   155   145
   56   429   419
   57   505   495
   58   304   294
   59    39    29
   60   206   196
   61   209   199
   62   507   497
   63   287   277
   64   126   116
   65   107    97
   66   418   408
   67   229   219
   68    49    39
   69   252   242
   70   217   207
   71   117   107
   72    79    69
   73   132   122
   74    47    37
   75    80    70
   76   441   431
   77   108    98
   78   236   226
   79   110   100
   80   497   487
   81   155   145
   82   282   272
   83   277   267
   84    23    13
   85   482   472
   86    91    81
   87   405   395
   88   453   443
   89   223   213
   90    68    58
   91   258   248
   92   313   303
   93   497   487
   94   274   264
   95   433   423
   96    46    36
   97    39    29
   98   234   224
   99   184   174
  100   299   289
4164
