100
    1   336   274
    2   631   571
    3   112    61
    4   571   658
    5   539   535
    6   696   792
    7   655   560
    8   314   370
    9   539   584
   10   927   889
   11     1     6
   12   423   466
   13  1017   919
   14   205   139
   15   305   383
   16     1    27
   17   904   896
   18   989   911
   19   564   628
   20   850   933
   21   168   176
   22   273   254
   23   180   279
   24   529   589
   25   433   407
   26    71   127
   27   888   933
   28   180   126
   29   542   624
   30   493   462
   31   642   596
   32   959   970
   33   351   382
   34   481   516
   35   973   895
   36   702   760
   37   507   423
   38    64    35
   39   170   223
   40   590   517
   41   308   258
   42   928   888
   43   441   489
   44    93    20
   45   932   898
   46   422   345
   47   966   876
   48   824   776
   49   961   938
   50   687   663
   51   839   825
   52   812   751
   53   115   112
   54   333   235
   55    25    99
   56   522   622
   57   226   276
   58   608   689
   59   646   567
   60   518   473
   61   349   327
   62   907   833
   63   215   162
   64   710   761
   65   992   894
   66   430   355
   67   433   359
   68   983   941
   69   655   719
   70   279   240
   71   292   320
   72  1026   972
   73   386   305
   74     1    22
   75   559   578
   76   439   471
   77   268   237
   78   719   730
   79   782   739
   80   222   201
   81   923   872
   82   656   580
   83   537   461
   84   676   664
   85   323   264
   86   834   808
   87   341   306
   88   479   435
   89   120    69
   90   251   290
   91   385   479
   92   129    91
   93    44    71
   94   250   294
   95   482   459
   96   736   668
   97   806   844
   98   300   375
   99   957   879
  100   469   467
25119
