100
    1    54    45
    2    90    93
    3    73    67
    4    91   100
    5    40    41
    6    98    91
    7    73    70
    8    88    81
    9    55    46
   10    56    59
   11    54    57
   12   102   100
   13    85    93
   14    69    61
   15    13     6
   16    59    54
   17     4    10
   18    33    25
   19    49    58
   20     1     7
   21    23    14
   22    15    13
   23     1     1
   24    98    96
   25    41    50
   26    23    21
   27    93    95
   28    15    17
   29    40    39
   30    12     4
   31    90    95
   32    44    41
   33    34    25
   34    21    14
   35    37    45
   36    56    62
   37    45    49
   38    10    18
   39    42    37
   40    85    76
   41    14    16
   42    31    23
   43    50    47
   44    59    59
   45    16    16
   46    35    44
   47    89    95
   48    80    79
   49    25    16
   50    54    57
   51    96    92
   52   106    97
   53    39    34
   54     6     5
   55    69    70
   56    66    57
   57    87    94
   58    58    48
   59     8     9
   60    37    39
   61    94    98
   62    23    32
   63    49    45
   64    62    68
   65    13     9
   66    69    69
   67    10     2
   68    72    68
   69    19    17
   70    20    11
   71    23    19
   72    12    19
   73     5     3
   74    43    40
   75    25    17
   76    94    86
   77    67    60
   78    64    56
   79    94    90
   80    21    20
   81    26    27
   82    32    39
   83    71    72
   84    50    55
   85    45    55
   86    72    79
   87    24    29
   88    74    81
   89     1     7
   90    61    56
   91    59    62
   92    55    46
   93    69    66
   94    67    65
   95    69    65
   96    21    26
   97    13    18
   98   101    98
   99    89    93
  100     1     5
3230
