100
    1   152   415
    2   460   464
    3   434   874
    4   874   895
    5   379   748
    6   407   437
    7   963   429
    8   145   543
    9   544   861
   10    64   878
   11     9   355
   12    57   383
   13   205   716
   14   472   184
   15   313    28
   16   426   128
   17   488   725
   18   432   940
   19   212   889
   20    39   530
   21   275    53
   22   781   723
   23   926   876
   24   958   754
   25   123   940
   26   884   116
   27   842   658
   28   621   755
   29   252   253
   30   158   395
   31   183   993
   32   134   663
   33   470   667
   34   421   313
   35   301   548
   36   139   413
   37   355   724
   38   957   648
   39   176   700
   40   817   434
   41   910   223
   42   171   157
   43   475     6
   44    33   145
   45   620   935
   46   241   294
   47   406   913
   48    98   629
   49   494   495
   50   671   652
   51   209   110
   52   824   596
   53   637   757
   54   595   424
   55   990   488
   56   296   339
   57   708   713
   58   498   654
   59   874    52
   60   113   606
   61   794   916
   62   876   678
   63   147   775
   64    35   974
   65   292   275
   66   899   384
   67   195   796
   68   555   594
   69   278   716
   70   203   829
   71   283   517
   72   629   513
   73   291   454
   74    67   459
   75   320   655
   76   720   652
   77   152   482
   78   451   383
   79   362   840
   80   997   238
   81   989   533
   82   708   849
   83   727   834
   84    80   797
   85   315   693
   86   586   997
   87   308   351
   88   877   376
   89   422   946
   90   588   671
   91    68   444
   92   755   648
   93   235   260
   94   530   387
   95   238   272
   96   316   537
   97   843   945
   98   502   420
   99   186   460
  100   186   144
46608
