100
    1    46     4
    2    19    48
    3    20    54
    4   100    63
    5     6    28
    6    41    94
    7    70     1
    8    60     8
    9    95    69
   10    83    70
   11    95     8
   12    95    83
   13    63    96
   14    42    16
   15    71    61
   16    52     1
   17    58    81
   18    82    96
   19    87    97
   20     6    58
   21    70    37
   22    55    44
   23    52    56
   24    64    31
   25    93    65
   26    63    32
   27    88    70
   28    20    36
   29    82    10
   30    61    71
   31    93    98
   32    96   100
   33    72    40
   34    47    17
   35    68    44
   36    85     9
   37    41    48
   38    87    53
   39    39    60
   40     8    59
   41    20    51
   42    42     2
   43    18    30
   44    27    34
   45    23    31
   46    75    47
   47    13    58
   48     1    26
   49    93    59
   50    86    68
   51    35     7
   52    39    52
   53    51    89
   54    29    64
   55    32    81
   56    18    88
   57    51     9
   58    92    31
   59    12    72
   60    87    54
   61    48     9
   62    54    87
   63    66    80
   64    98     3
   65    99    80
   66    53    40
   67    61    65
   68    70    15
   69    53    20
   70    38    70
   71    17    22
   72    55    78
   73    81     6
   74    54     3
   75     7    92
   76    18    57
   77     2    15
   78    65    51
   79    20    37
   80    68    83
   81     3    66
   82    18    22
   83     6    99
   84    54    22
   85    17    26
   86    77    38
   87     2    84
   88    59    40
   89    84    30
   90    71    75
   91    46    97
   92     2    89
   93    86    77
   94    73    72
   95    72   100
   96    87    57
   97     1    17
   98     4    53
   99    41    64
  100    65    28
1679
