100
    1   152   415
    2   460   464
    3   434   374
    4   374   395
    5   379   248
    6   407   437
    7   463   429
    8   145    43
    9    44   361
   10    64   378
   11     9   355
   12    57   383
   13   205   216
   14   472   184
   15   313    28
   16   426   128
   17   488   225
   18   432   440
   19   212   389
   20    39    30
   21   275    53
   22   281   223
   23   426   376
   24   458   254
   25   123   440
   26   384   116
   27   342   158
   28   121   255
   29   252   253
   30   158   395
   31   183   493
   32   134   163
   33   470   167
   34   421   313
   35   301    48
   36   139   413
   37   355   224
   38   457   148
   39   176   200
   40   317   434
   41   410   223
   42   171   157
   43   475     6
   44    33   145
   45   120   435
   46   241   294
   47   406   413
   48    98   129
   49   494   495
   50   171   152
   51   209   110
   52   324    96
   53   137   257
   54    95   424
   55   490   488
   56   296   339
   57   208   213
   58   498   154
   59   374    52
   60   113   106
   61   294   416
   62   376   178
   63   147   275
   64    35   474
   65   292   275
   66   399   384
   67   195   296
   68    55    94
   69   278   216
   70   203   329
   71   283    17
   72   129    13
   73   291   454
   74    67   459
   75   320   155
   76   220   152
   77   152   482
   78   451   383
   79   362   340
   80   497   238
   81   489    33
   82   208   349
   83   227   334
   84    80   297
   85   315   193
   86    86   497
   87   308   351
   88   377   376
   89   422   446
   90    88   171
   91    68   444
   92   255   148
   93   235   260
   94    30   387
   95   238   272
   96   316    37
   97   343   445
   98     2   420
   99   186   460
  100   186   144
22858
