500
    1   430   415
    2   483   464
    3   387   374
    4   403   395
    5   292   248
    6   455   437
    7   404   429
    8    53    43
    9   339   361
   10   375   378
   11   327   355
   12   362   383
   13   255   216
   14   188   184
   15    27    28
   16   114   128
   17   177   225
   18   404   440
   19   371   389
   20    37    30
   21    35    53
   22   184   223
   23   382   376
   24   282   254
   25   414   440
   26    68   116
   27   198   158
   28   231   255
   29   221   253
   30   428   395
   31   499   493
   32   147   163
   33   214   167
   34   316   313
   35    25    48
   36   421   413
   37   191   224
   38   113   148
   39   192   200
   40   399   434
   41   223   223
   42   149   157
   43    37     6
   44   143   145
   45   412   435
   46   306   294
   47   391   413
   48   177   129
   49   467   495
   50   143   152
   51    71   110
   52   116    96
   53   265   257
   54   391   424
   55   525   488
   56   338   339
   57   237   213
   58   169   154
   59    12    52
   60   130   106
   61   377   416
   62   128   178
   63   303   275
   64   521   474
   65   262   275
   66   376   384
   67   301   296
   68    64    94
   69   224   216
   70   327   329
   71    57    17
   72     1    13
   73   456   454
   74   467   459
   75   196   155
   76   174   152
   77   485   482
   78   400   383
   79   366   340
   80   261   238
   81    82    33
   82   375   349
   83   358   334
   84   261   297
   85   159   193
   86   517   497
   87   370   351
   88   403   376
   89   417   446
   90   217   171
   91   425   444
   92   162   148
   93   277   260
   94   381   387
   95   302   272
   96    70    37
   97   481   445
   98   372   420
   99   427   460
  100   172   144
  101     4     9
  102   304   264
  103    98    82
  104    34    12
  105   465   417
  106   124    90
  107   449   407
  108    80    98
  109   293   298
  110   219   253
  111   367   378
  112    90   139
  113   239   205
  114   511   473
  115   412   381
  116   117   122
  117   362   347
  118   329   377
  119     2    17
  120   126   128
  121   372   403
  122   339   340
  123   300   283
  124   241   202
  125   203   153
  126   427   470
  127   270   247
  128   196   215
  129   328   342
  130   215   239
  131   209   193
  132    42    37
  133   106   114
  134   203   216
  135   430   432
  136   437   438
  137   175   165
  138   278   306
  139   128   101
  140   489   448
  141   114    75
  142   485   444
  143   204   231
  144    25     3
  145    77    37
  146   425   458
  147   473   446
  148   128   147
  149   268   312
  150   452   426
  151   478   477
  152   446   412
  153    19    21
  154   476   444
  155   204   253
  156   196   192
  157   129   122
  158    89    91
  159    85    85
  160   239   229
  161     6    49
  162   434   482
  163   346   378
  164   161   173
  165    62    33
  166   221   206
  167   259   270
  168   483   479
  169   204   229
  170   191   145
  171   412   362
  172    57   105
  173   326   304
  174   462   417
  175   425   402
  176   436   450
  177   356   322
  178   514   477
  179   275   290
  180   256   227
  181   154   135
  182   271   256
  183    52    60
  184   188   168
  185   392   424
  186   376   329
  187   123   102
  188   290   281
  189   324   275
  190    90   113
  191   376   346
  192   190   154
  193   310   344
  194   314   348
  195   406   437
  196   400   405
  197   200   219
  198   454   493
  199     1     2
  200   106    61
  201   518   494
  202    90    52
  203   277   298
  204   132   146
  205    49    90
  206   268   316
  207   389   384
  208   227   273
  209    73    71
  210   290   293
  211   117    76
  212   150   159
  213   149   110
  214   446   472
  215   342   349
  216   471   443
  217   328   336
  218   167   175
  219    98    85
  220    31    18
  221     1     5
  222   237   216
  223   107   121
  224     6    19
  225   222   183
  226    20    35
  227   343   311
  228    91   125
  229   450   467
  230   258   270
  231    69    37
  232   216   254
  233   288   276
  234   266   250
  235   116   133
  236   159   187
  237   179   169
  238   353   365
  239    78    32
  240     8    16
  241   148   181
  242   232   235
  243   156   145
  244   495   491
  245   315   354
  246   404   366
  247   197   165
  248   527   493
  249   275   236
  250   450   432
  251   127   154
  252   142   146
  253   191   232
  254   324   353
  255   210   247
  256   197   220
  257   136   164
  258   229   184
  259   141    99
  260   399   356
  261    64   103
  262   100   117
  263   282   246
  264    92    66
  265   120   111
  266   406   445
  267   515   470
  268    76    31
  269   433   452
  270    97    47
  271   254   227
  272    21    23
  273   301   267
  274     1    22
  275   340   325
  276   401   450
  277   120   170
  278   136    98
  279   185   160
  280   520   500
  281   298   280
  282   418   422
  283   506   487
  284   438   462
  285   220   228
  286   210   244
  287   138   151
  288   194   200
  289   314   320
  290   224   242
  291   308   322
  292    64    19
  293    37    48
  294   146   185
  295   278   286
  296   365   382
  297   333   306
  298   260   258
  299     1     9
  300   272   307
  301   195   168
  302    20    50
  303   249   241
  304   380   397
  305   379   359
  306   391   415
  307   337   323
  308   387   341
  309   192   203
  310   182   195
  311   449   473
  312   116   138
  313   510   486
  314   311   289
  315   425   401
  316   190   174
  317   265   296
  318    16    45
  319    70    94
  320   188   192
  321   367   362
  322   285   246
  323   465   423
  324   253   254
  325   383   337
  326   392   367
  327   177   145
  328    58    18
  329   150   109
  330   198   168
  331   181   135
  332     1    51
  333    90    80
  334   400   400
  335   111   109
  336   378   375
  337   224   202
  338   251   218
  339   167   124
  340   331   351
  341    23    73
  342   244   226
  343   274   245
  344   500   472
  345   354   324
  346   156   134
  347   333   343
  348    91    61
  349    34    13
  350   315   335
  351   296   320
  352    56    72
  353   245   256
  354   149   104
  355   450   468
  356   193   156
  357   101   151
  358   148    99
  359   371   378
  360   418   394
  361   320   289
  362    99   116
  363    87    48
  364   478   462
  365   351   305
  366   461   483
  367   140   120
  368   124   108
  369   243   283
  370   417   454
  371   148   147
  372   415   457
  373   386   407
  374   365   326
  375   248   208
  376   144   145
  377   329   342
  378    45    41
  379   177   199
  380    38    68
  381   279   230
  382   313   351
  383   492   492
  384   377   367
  385   187   175
  386   328   291
  387   249   263
  388    44    74
  389   198   161
  390   268   316
  391   177   130
  392    26     5
  393    30    70
  394    48    70
  395   333   344
  396   263   313
  397   457   447
  398   118   119
  399   138   178
  400    63    65
  401   154   156
  402   253   289
  403   209   173
  404    13    19
  405    74    98
  406     1    28
  407   213   261
  408    72    98
  409   359   326
  410   108   130
  411    13    50
  412   541   491
  413    27    48
  414   327   352
  415    95   115
  416   498   494
  417   138   166
  418   386   424
  419   379   380
  420     1    19
  421   482   441
  422   201   230
  423   367   361
  424   366   383
  425    57    92
  426   143    97
  427     1     6
  428   354   379
  429   380   406
  430   430   393
  431   387   354
  432    49    25
  433   257   289
  434    47    80
  435   163   178
  436     1     8
  437    33    65
  438   214   223
  439   104   149
  440   243   194
  441   484   477
  442   371   408
  443   192   143
  444   343   393
  445   447   439
  446   363   327
  447   196   236
  448   119    88
  449   375   422
  450   380   334
  451   176   160
  452    95   141
  453   300   280
  454   387   407
  455   209   170
  456   149   134
  457   146   170
  458   413   370
  459    30    15
  460     1    25
  461   455   429
  462     1     9
  463   381   373
  464   352   326
  465   263   224
  466   342   333
  467   351   378
  468   349   373
  469   173   134
  470   259   225
  471    34    64
  472   230   206
  473   312   334
  474    75    55
  475   282   247
  476   109   119
  477   363   394
  478   310   332
  479   182   156
  480   418   418
  481   248   219
  482   450   446
  483   462   499
  484   334   365
  485   160   129
  486   403   361
  487    73   110
  488   456   420
  489   343   377
  490     1     4
  491   188   218
  492   339   311
  493   288   336
  494   109   151
  495   433   450
  496   260   270
  497   264   235
  498    46    76
  499   130    92
  500   196   202
103030
