100
    1    14     4
    2    56    46
    3    58    48
    4    29    19
    5    64    54
    6    30    20
    7    73    63
    8   110   100
    9    38    28
   10    16     6
   11   104    94
   12    51    41
   13    11     1
   14    80    70
   15    18     8
   16    70    60
   17    79    69
   18   105    95
   19    80    70
   20    93    83
   21    18     8
   22   105    95
   23    93    83
   24   105    95
   25   106    96
   26    73    63
   27    26    16
   28    52    42
   29    71    61
   30    81    71
   31    11     1
   32    62    52
   33    91    81
   34    68    58
   35   106    96
   36    92    82
   37   107    97
   38    97    87
   39    68    58
   40    16     6
   41    47    37
   42    80    70
   43    54    44
   44    65    55
   45    66    56
   46    62    52
   47    41    31
   48    74    64
   49    75    65
   50   103    93
   51    42    32
   52    73    63
   53    80    70
   54    98    88
   55    46    36
   56    30    20
   57    20    10
   58    92    82
   59    81    71
   60    71    61
   61   108    98
   62   103    93
   63   110   100
   64   106    96
   65    50    40
   66    82    72
   67    27    17
   68    57    47
   69    54    44
   70    78    68
   71    19     9
   72    95    85
   73    58    48
   74    51    41
   75    63    53
   76    97    87
   77    70    60
   78    49    39
   79    69    59
   80    18     8
   81    61    51
   82    30    20
   83    12     2
   84    52    42
   85    40    30
   86    28    18
   87    44    34
   88    37    27
   89    41    31
   90    33    23
   91    57    47
   92    85    75
   93    68    58
   94    23    13
   95    36    26
   96    11     1
   97    69    59
   98   103    93
   99    78    68
  100    96    86
1765
