100
    1    46     4
    2    19    48
    3    20     4
    4    50    13
    5     6    28
    6    41    44
    7    20     1
    8    10     8
    9    45    19
   10    33    20
   11    45     8
   12    45    33
   13    13    46
   14    42    16
   15    21    11
   16     2     1
   17     8    31
   18    32    46
   19    37    47
   20     6     8
   21    20    37
   22     5    44
   23     2     6
   24    14    31
   25    43    15
   26    13    32
   27    38    20
   28    20    36
   29    32    10
   30    11    21
   31    43    48
   32    46    50
   33    22    40
   34    47    17
   35    18    44
   36    35     9
   37    41    48
   38    37     3
   39    39    10
   40     8     9
   41    20     1
   42    42     2
   43    18    30
   44    27    34
   45    23    31
   46    25    47
   47    13     8
   48     1    26
   49    43     9
   50    36    18
   51    35     7
   52    39     2
   53     1    39
   54    29    14
   55    32    31
   56    18    38
   57     1     9
   58    42    31
   59    12    22
   60    37     4
   61    48     9
   62     4    37
   63    16    30
   64    48     3
   65    49    30
   66     3    40
   67    11    15
   68    20    15
   69     3    20
   70    38    20
   71    17    22
   72     5    28
   73    31     6
   74     4     3
   75     7    42
   76    18     7
   77     2    15
   78    15     1
   79    20    37
   80    18    33
   81     3    16
   82    18    22
   83     6    49
   84     4    22
   85    17    26
   86    27    38
   87     2    34
   88     9    40
   89    34    30
   90    21    25
   91    46    47
   92     2    39
   93    36    27
   94    23    22
   95    22    50
   96    37     7
   97     1    17
   98     4     3
   99    41    14
  100    15    28
779
