100
    1    55    45
    2    59    49
    3    53    43
    4    56    46
    5    27    17
    6    39    29
    7    60    50
    8    25    15
    9    51    41
   10    33    23
   11    51    41
   12    12     2
   13    30    20
   14    59    49
   15    41    31
   16    11     1
   17    56    46
   18    56    46
   19    19     9
   20    14     4
   21    17     7
   22    14     4
   23    60    50
   24    30    20
   25    53    43
   26    18     8
   27    21    11
   28    37    27
   29    16     6
   30    58    48
   31    14     4
   32    27    17
   33    20    10
   34    21    11
   35    35    25
   36    25    15
   37    18     8
   38    30    20
   39    17     7
   40    39    29
   41    24    14
   42    51    41
   43    23    13
   44    14     4
   45    11     1
   46    11     1
   47    56    46
   48    53    43
   49    60    50
   50    56    46
   51    31    21
   52    54    44
   53    55    45
   54    33    23
   55    27    17
   56    31    21
   57    49    39
   58    23    13
   59    14     4
   60    54    44
   61    55    45
   62    46    36
   63    51    41
   64    15     5
   65    35    25
   66    15     5
   67    24    14
   68    22    12
   69    55    45
   70    51    41
   71    22    12
   72    30    20
   73    59    49
   74    60    50
   75    28    18
   76    60    50
   77    47    37
   78    24    14
   79    36    26
   80    57    47
   81    26    16
   82    23    13
   83    33    23
   84    55    45
   85    57    47
   86    49    39
   87    19     9
   88    58    48
   89    26    16
   90    14     4
   91    54    44
   92    28    18
   93    55    45
   94    18     8
   95    39    29
   96    44    34
   97    26    16
   98    38    28
   99    17     7
  100    37    27
1743
