100
    1    99    45
    2    96    93
    3    29    67
    4    65   100
    5    23    41
    6     2    91
    7    99    70
    8     1    81
    9    96    46
   10     4    59
   11     4    57
   12    20   100
   13     8    93
   14    27    61
   15    48     6
   16    17    54
   17    11    10
   18    15    25
   19    20    58
   20    79     7
   21    91    14
   22     4    13
   23     1     1
   24    93    96
   25    46    50
   26    44    21
   27    73    95
   28    21    17
   29    63    39
   30    94     4
   31    86    95
   32     5    41
   33     5    25
   34    12    14
   35    41    45
   36    70    62
   37    50    49
   38   100    18
   39    64    37
   40    97    76
   41    13    16
   42    95    23
   43    39    47
   44    48    59
   45     4    16
   46    68    44
   47    58    95
   48    34    79
   49    78    16
   50    27    57
   51   100    92
   52    80    97
   53    24    34
   54     6     5
   55    53    70
   56    19    57
   57    24    94
   58    29    48
   59    69     9
   60    36    39
   61    45    98
   62    35    32
   63    71    45
   64    39    68
   65    12     9
   66    34    69
   67    66     2
   68    11    68
   69    70    17
   70    15    11
   71    78    19
   72     4    19
   73    70     3
   74    79    40
   75   100    17
   76    87    86
   77    35    60
   78    22    56
   79    13    90
   80    21    20
   81    76    27
   82    79    39
   83     3    72
   84    87    55
   85    14    55
   86    82    79
   87    23    29
   88    88    81
   89    93     7
   90   100    56
   91    27    62
   92    55    46
   93    87    66
   94    62    65
   95    65    65
   96    72    26
   97    78    18
   98    69    98
   99    38    93
  100    46     5
3230
