500
    1   492   415
    2   452   464
    3   938   874
    4   876   895
    5   674   748
    6   377   437
    7   366   429
    8   503   543
    9   853   861
   10   845   878
   11   259   355
   12   310   383
   13   642   716
   14   151   184
   15     1    28
   16    88   128
   17   640   725
   18   915   940
   19   874   889
   20   626   530
   21     1    53
   22   683   723
   23   949   876
   24   774   754
   25   852   940
   26   196   116
   27   566   658
   28   843   755
   29   289   253
   30   363   395
   31  1064   993
   32   620   663
   33   746   667
   34   289   313
   35   450   548
   36   356   413
   37   684   724
   38   628   648
   39   657   700
   40   486   434
   41   185   223
   42    81   157
   43     1     6
   44    58   145
   45   904   935
   46   368   294
   47   963   913
   48   683   629
   49   575   495
   50   557   652
   51   109   110
   52   644   596
   53   787   757
   54   389   424
   55   568   488
   56   318   339
   57   717   713
   58   642   654
   59     1    52
   60   571   606
   61   986   916
   62   611   678
   63   714   775
   64  1009   974
   65   213   275
   66   286   384
   67   797   796
   68   529   594
   69   684   716
   70   816   829
   71   541   517
   72   416   513
   73   490   454
   74   408   459
   75   745   655
   76   577   652
   77   439   482
   78   384   383
   79   741   840
   80   164   238
   81   544   533
   82   900   849
   83   767   834
   84   843   797
   85   718   693
   86   930   997
   87   448   351
   88   390   376
   89   965   946
   90   766   671
   91   512   444
   92   629   648
   93   282   260
   94   439   387
   95   280   272
   96   627   537
   97  1026   945
   98   400   420
   99   424   460
  100    73   144
  101   505   509
  102   757   764
  103    28    82
  104     1    12
  105   363   417
  106   597   590
  107   434   407
  108   536   598
  109   896   798
  110   753   753
  111   382   378
  112   198   139
  113   658   705
  114   935   973
  115   352   381
  116   570   622
  117   781   847
  118   935   877
  119    36    17
  120    74   128
  121   962   903
  122   414   340
  123   272   283
  124   261   202
  125   747   653
  126  1049   970
  127   702   747
  128   167   215
  129   749   842
  130   176   239
  131   197   193
  132     1    37
  133   580   614
  134   710   716
  135   490   432
  136   912   938
  137   764   665
  138   743   806
  139    87   101
  140   481   448
  141     1    75
  142   464   444
  143   191   231
  144     1     3
  145   633   537
  146   991   958
  147   466   446
  148   637   647
  149   286   312
  150   959   926
  151   412   477
  152   384   412
  153   476   521
  154   891   944
  155   664   753
  156   618   692
  157   663   622
  158    93    91
  159   637   585
  160   817   729
  161     3    49
  162   999   982
  163   887   878
  164   637   673
  165    76    33
  166   187   206
  167   753   770
  168  1056   979
  169   234   229
  170   656   645
  171   346   362
  172     9   105
  173   400   304
  174   504   417
  175   920   902
  176   901   950
  177   842   822
  178   473   477
  179   736   790
  180   719   727
  181   639   635
  182   348   256
  183     9    60
  184   644   668
  185   420   424
  186   426   329
  187   192   102
  188   868   781
  189   804   775
  190   543   613
  191   348   346
  192   613   654
  193   839   844
  194   285   348
  195  1021   937
  196   381   405
  197   228   219
  198  1066   993
  199   462   502
  200   491   561
  201   512   494
  202   589   552
  203   729   798
  204   228   146
  205   576   590
  206   855   816
  207   463   384
  208   869   773
  209    45    71
  210   738   793
  211    44    76
  212    96   159
  213    11   110
  214  1064   972
  215   357   349
  216   895   943
  217   911   836
  218   157   175
  219   503   585
  220   610   518
  221   495   505
  222   254   216
  223   579   621
  224   477   519
  225   603   683
  226   546   535
  227   760   811
  228   610   625
  229  1021   967
  230   339   270
  231    23    37
  232   724   754
  233   212   276
  234   296   250
  235   690   633
  236   147   187
  237   683   669
  238   803   865
  239   597   532
  240     1    16
  241   182   181
  242   298   235
  243   158   145
  244   993   991
  245   269   354
  246   942   866
  247   670   665
  248   443   493
  249   285   236
  250  1004   932
  251   128   154
  252   628   646
  253   730   732
  254   776   853
  255   842   747
  256   265   220
  257   637   664
  258   172   184
  259   155    99
  260   341   356
  261   677   603
  262    28   117
  263   257   246
  264   622   566
  265   181   111
  266   967   945
  267   924   970
  268   434   531
  269   368   452
  270   525   547
  271   275   227
  272     1    23
  273   848   767
  274   584   522
  275   360   325
  276  1013   950
  277   639   670
  278   188    98
  279   241   160
  280   966  1000
  281   191   280
  282   465   422
  283   992   987
  284   454   462
  285   726   728
  286   278   244
  287   593   651
  288   799   700
  289   319   320
  290   789   742
  291   379   322
  292   440   519
  293     1    48
  294   642   685
  295   846   786
  296   309   382
  297   871   806
  298   816   758
  299    40     9
  300   300   307
  301   706   668
  302   564   550
  303   734   741
  304   916   897
  305   346   359
  306   356   415
  307   869   823
  308   441   341
  309   130   203
  310   207   195
  311   419   473
  312   703   638
  313  1011   986
  314   872   789
  315   495   401
  316   232   174
  317   859   796
  318     1    45
  319   130    94
  320   183   192
  321   815   862
  322   754   746
  323   371   423
  324   658   754
  325   784   837
  326   433   367
  327   147   145
  328    96    18
  329   606   609
  330   136   168
  331   160   135
  332     1    51
  333   570   580
  334   904   900
  335   518   609
  336   316   375
  337   259   202
  338   167   218
  339   536   624
  340   928   851
  341    58    73
  342   725   726
  343   161   245
  344   469   472
  345   787   824
  346   548   634
  347   271   343
  348    63    61
  349   558   513
  350   342   335
  351   749   820
  352   130    72
  353   239   256
  354   562   604
  355   534   468
  356   151   156
  357   713   651
  358    52    99
  359   474   378
  360   371   394
  361   359   289
  362   632   616
  363   632   548
  364   901   962
  365   717   805
  366   444   483
  367    94   120
  368   532   608
  369   298   283
  370   973   954
  371   553   647
  372   481   457
  373   312   407
  374   813   826
  375   763   708
  376   638   645
  377   920   842
  378   616   541
  379   637   699
  380     1    68
  381   234   230
  382   914   851
  383   506   492
  384   910   867
  385   134   175
  386   275   291
  387   311   263
  388   669   574
  389   170   161
  390   814   816
  391   567   630
  392    32     5
  393     4    70
  394    68    70
  395   398   344
  396   234   313
  397   352   447
  398   588   619
  399    82   178
  400   504   565
  401   582   656
  402   191   289
  403   201   173
  404   456   519
  405   578   598
  406   545   528
  407   191   261
  408   660   598
  409   837   826
  410   641   630
  411   589   550
  412   411   491
  413   589   548
  414   360   352
  415   524   615
  416  1046   994
  417   640   666
  418   445   424
  419   896   880
  420   616   519
  421   411   441
  422   199   230
  423   834   861
  424   942   883
  425   654   592
  426     1    97
  427   442   506
  428   831   879
  429   825   906
  430   903   893
  431   809   854
  432   429   525
  433   382   289
  434   664   580
  435   166   178
  436   600   508
  437   664   565
  438   231   223
  439   639   649
  440   294   194
  441   464   477
  442   897   908
  443   187   143
  444   362   393
  445   934   939
  446   358   327
  447   244   236
  448   555   588
  449   879   922
  450   798   834
  451   215   160
  452   653   641
  453   181   280
  454   421   407
  455   652   670
  456    90   134
  457   757   670
  458   435   370
  459   462   515
  460   462   525
  461   339   429
  462     1     9
  463   447   373
  464   726   826
  465   199   224
  466   270   333
  467   876   878
  468   836   873
  469   164   134
  470   133   225
  471     4    64
  472   679   706
  473   336   334
  474   118    55
  475   229   247
  476   105   119
  477   449   394
  478   740   832
  479   244   156
  480   446   418
  481   666   719
  482   885   946
  483   965   999
  484   957   865
  485   150   129
  486   264   361
  487   671   610
  488   408   420
  489   334   377
  490   456   504
  491   121   218
  492   723   811
  493   341   336
  494   107   151
  495   964   950
  496   828   770
  497   310   235
  498    39    76
  499   570   592
  500   666   702
213030
