500
    1   284   274
    2   457   447
    3   581   571
    4   493   483
    5    71    61
    6   435   425
    7   668   658
    8   619   609
    9   545   535
   10   524   514
   11   802   792
   12  1008   998
   13   570   560
   14    44    34
   15   380   370
   16   314   304
   17   594   584
   18   505   495
   19   899   889
   20   753   743
   21    16     6
   22   410   400
   23   476   466
   24    42    32
   25   929   919
   26   622   612
   27   149   139
   28   545   535
   29   393   383
   30   346   336
   31    37    27
   32   819   809
   33   906   896
   34   745   735
   35   921   911
   36   609   599
   37   638   628
   38   437   427
   39   943   933
   40   976   966
   41   186   176
   42   964   954
   43   264   254
   44   790   780
   45   289   279
   46   687   677
   47   599   589
   48   839   829
   49   417   407
   50   380   370
   51   137   127
   52   213   203
   53   943   933
   54   467   457
   55   136   126
   56    30    20
   57   634   624
   58   533   523
   59   472   462
   60   687   677
   61   606   596
   62   600   590
   63   980   970
   64   135   125
   65   392   382
   66   199   189
   67   526   516
   68   166   156
   69   905   895
   70   190   180
   71   770   760
   72   364   354
   73   433   423
   74   956   946
   75    45    35
   76   454   444
   77   233   223
   78   961   951
   79   527   517
   80   986   976
   81   268   258
   82   527   517
   83   898   888
   84    28    18
   85   499   489
   86   612   602
   87    30    20
   88   674   664
   89   908   898
   90   349   339
   91   355   345
   92   106    96
   93   886   876
   94   919   909
   95   786   776
   96   827   817
   97   948   938
   98   119   109
   99   673   663
  100   240   230
  101   835   825
  102   354   344
  103   761   751
  104   993   983
  105   122   112
  106   174   164
  107   245   235
  108   628   618
  109   109    99
  110   279   269
  111   632   622
  112   905   895
  113   286   276
  114   397   387
  115   699   689
  116   171   161
  117   577   567
  118   875   865
  119   483   473
  120   922   912
  121   337   327
  122   307   297
  123   843   833
  124   605   595
  125   172   162
  126   404   394
  127   771   761
  128    52    42
  129   904   894
  130   389   379
  131   365   355
  132   980   970
  133   369   359
  134   700   690
  135   951   941
  136    76    66
  137   729   719
  138   271   261
  139   250   240
  140    36    26
  141   330   320
  142   532   522
  143   982   972
  144   190   180
  145   315   305
  146    12     2
  147    32    22
  148   900   890
  149   588   578
  150   737   727
  151   481   471
  152   713   703
  153   247   237
  154   729   719
  155   740   730
  156  1004   994
  157   749   739
  158    27    17
  159   211   201
  160   254   244
  161   882   872
  162   774   764
  163   590   580
  164   909   899
  165   471   461
  166   288   278
  167   674   664
  168   657   647
  169   274   264
  170   676   666
  171   818   808
  172   539   529
  173   316   306
  174   549   539
  175   445   435
  176   158   148
  177    79    69
  178   575   565
  179   300   290
  180   469   459
  181   489   479
  182   197   187
  183   101    91
  184   812   802
  185    81    71
  186   996   986
  187   304   294
  188   251   241
  189   469   459
  190    55    45
  191   678   668
  192   589   579
  193   854   844
  194   476   466
  195   385   375
  196   247   237
  197   889   879
  198    99    89
  199   477   467
  200   715   705
  201   226   216
  202   351   341
  203   481   471
  204    68    58
  205    87    77
  206   253   243
  207   273   263
  208    44    34
  209   694   684
  210   970   960
  211   179   169
  212   530   520
  213   556   546
  214   849   839
  215   963   953
  216  1007   997
  217   515   505
  218   145   135
  219   654   644
  220   343   333
  221   399   389
  222   740   730
  223   616   606
  224   525   515
  225   790   780
  226   860   850
  227   658   648
  228   214   204
  229   506   496
  230    89    79
  231   379   369
  232   456   446
  233   988   978
  234   638   628
  235   346   336
  236   636   626
  237   190   180
  238   377   367
  239  1005   995
  240   182   172
  241   804   794
  242   792   782
  243   185   175
  244   605   595
  245   592   582
  246    57    47
  247   103    93
  248   814   804
  249   714   704
  250   810   800
  251   999   989
  252   763   753
  253   608   598
  254   767   757
  255   388   378
  256   697   687
  257   567   557
  258   898   888
  259   244   234
  260   479   469
  261   110   100
  262   109    99
  263   882   872
  264   402   392
  265   147   137
  266   699   689
  267   929   919
  268   661   651
  269   565   555
  270   820   810
  271   407   397
  272   622   612
  273   998   988
  274   631   621
  275   963   953
  276   732   722
  277   354   344
  278   746   736
  279   621   611
  280   604   594
  281   440   430
  282   989   979
  283   241   231
  284   435   425
  285   444   434
  286   668   658
  287   496   486
  288   702   692
  289   174   164
  290    19     9
  291   299   289
  292   925   915
  293   571   561
  294   308   298
  295   364   354
  296   142   132
  297   309   299
  298   107    97
  299   323   313
  300   301   291
  301    98    88
  302   803   793
  303   425   415
  304   217   207
  305   790   780
  306   810   800
  307   301   291
  308   290   280
  309   534   524
  310    31    21
  311   593   583
  312   591   581
  313   595   585
  314   492   482
  315   456   446
  316   140   130
  317   230   220
  318   238   228
  319   446   436
  320    88    78
  321   454   444
  322   217   207
  323   571   561
  324   284   274
  325   907   897
  326   465   455
  327   478   468
  328   768   758
  329    94    84
  330   683   673
  331   395   385
  332   632   622
  333   399   389
  334   778   768
  335    72    62
  336   667   657
  337   706   696
  338   381   371
  339   586   576
  340   356   346
  341    71    61
  342   773   763
  343   742   732
  344   121   111
  345   493   483
  346    37    27
  347   974   964
  348   905   895
  349   291   281
  350   626   616
  351   795   785
  352   227   217
  353   395   385
  354   554   544
  355    82    72
  356   849   839
  357   419   409
  358   441   431
  359    44    34
  360   427   417
  361   496   486
  362   470   460
  363    85    75
  364    16     6
  365   393   383
  366    76    66
  367    89    79
  368   152   142
  369   461   451
  370    60    50
  371   510   500
  372   468   458
  373    27    17
  374   560   550
  375    26    16
  376   535   525
  377   516   506
  378   858   848
  379   234   224
  380   454   444
  381    95    85
  382   419   409
  383   899   889
  384   962   952
  385   657   647
  386   632   622
  387   313   303
  388    47    37
  389   934   924
  390    95    85
  391   530   520
  392   812   802
  393   232   222
  394   559   549
  395   918   908
  396   667   657
  397    19     9
  398    21    11
  399   286   276
  400    43    33
  401   299   289
  402   523   513
  403   213   203
  404   640   630
  405   779   769
  406   131   121
  407    47    37
  408   445   435
  409   611   601
  410   905   895
  411   693   683
  412   519   509
  413   429   419
  414   814   804
  415   778   768
  416   154   144
  417   532   522
  418   169   159
  419   758   748
  420   450   440
  421   649   639
  422   320   310
  423   628   618
  424   760   750
  425   851   841
  426   220   210
  427   721   711
  428   516   506
  429   386   376
  430   666   656
  431   396   386
  432   961   951
  433   433   423
  434    54    44
  435   860   850
  436   300   290
  437    86    76
  438    66    56
  439   427   417
  440   222   212
  441   350   340
  442   540   530
  443   525   515
  444   433   423
  445   290   280
  446   262   252
  447   748   738
  448   167   157
  449   256   246
  450   415   405
  451   156   146
  452   998   988
  453   624   614
  454   191   181
  455   286   276
  456   488   478
  457    12     2
  458   999   989
  459   267   257
  460   871   861
  461   858   848
  462   511   501
  463   823   813
  464   334   324
  465   985   975
  466    89    79
  467   879   869
  468  1010  1000
  469   814   804
  470   266   256
  471   480   470
  472   279   269
  473   714   704
  474   841   831
  475   430   420
  476   767   757
  477   265   255
  478   720   710
  479   109    99
  480   309   299
  481   402   392
  482   152   142
  483   848   838
  484   544   534
  485   390   380
  486   881   871
  487   372   362
  488   955   945
  489   943   933
  490   598   588
  491   951   941
  492   553   543
  493   774   764
  494   383   373
  495   250   240
  496   526   516
  497   281   271
  498   816   806
  499   169   159
  500   944   934
121487
