500
    1    46     4
    2    19    48
    3    20     4
    4    50    13
    5     6    28
    6    41    44
    7    20     1
    8    10     8
    9    45    19
   10    33    20
   11    45     8
   12    45    33
   13    13    46
   14    42    16
   15    21    11
   16     2     1
   17     8    31
   18    32    46
   19    37    47
   20     6     8
   21    20    37
   22     5    44
   23     2     6
   24    14    31
   25    43    15
   26    13    32
   27    38    20
   28    20    36
   29    32    10
   30    11    21
   31    43    48
   32    46    50
   33    22    40
   34    47    17
   35    18    44
   36    35     9
   37    41    48
   38    37     3
   39    39    10
   40     8     9
   41    20     1
   42    42     2
   43    18    30
   44    27    34
   45    23    31
   46    25    47
   47    13     8
   48     1    26
   49    43     9
   50    36    18
   51    35     7
   52    39     2
   53     1    39
   54    29    14
   55    32    31
   56    18    38
   57     1     9
   58    42    31
   59    12    22
   60    37     4
   61    48     9
   62     4    37
   63    16    30
   64    48     3
   65    49    30
   66     3    40
   67    11    15
   68    20    15
   69     3    20
   70    38    20
   71    17    22
   72     5    28
   73    31     6
   74     4     3
   75     7    42
   76    18     7
   77     2    15
   78    15     1
   79    20    37
   80    18    33
   81     3    16
   82    18    22
   83     6    49
   84     4    22
   85    17    26
   86    27    38
   87     2    34
   88     9    40
   89    34    30
   90    21    25
   91    46    47
   92     2    39
   93    36    27
   94    23    22
   95    22    50
   96    37     7
   97     1    17
   98     4     3
   99    41    14
  100    15    28
  101     1    21
  102     4    22
  103     3    48
  104    16    38
  105    15    41
  106    15    34
  107    24    15
  108     1     5
  109     2    35
  110     7    37
  111     8    45
  112     4    13
  113     2    19
  114    12     9
  115    20    27
  116    21    17
  117    35    43
  118    27    15
  119    20    11
  120    35    29
  121    26    14
  122     7    17
  123    40    32
  124    37    39
  125    48     3
  126    11     1
  127    39    24
  128    22    10
  129    12    41
  130    13     5
  131    35     6
  132    37    15
  133    18    47
  134    41    20
  135    40    43
  136     8     2
  137    21    49
  138    40     3
  139    11    16
  140    10    40
  141    28    33
  142    39     1
  143    26    11
  144    10     1
  145    42     3
  146    13    30
  147    19    20
  148    13    31
  149     7    45
  150    41    30
  151     1    43
  152     7    41
  153    30    12
  154    30    14
  155    37    10
  156    24     4
  157    18    40
  158    27    21
  159    30    38
  160    21    13
  161    23    15
  162    42    25
  163    36    30
  164    21    16
  165     3    35
  166    13    24
  167    29    25
  168    16     2
  169     8     4
  170    11    43
  171    11    35
  172    48    22
  173    30    47
  174    26    12
  175    21    21
  176     2    27
  177    39    16
  178     6    17
  179    28    16
  180    15    38
  181    25    37
  182    14    11
  183    21    44
  184    29    34
  185    25    15
  186    50    35
  187    49    24
  188    12    31
  189     4    22
  190     5    29
  191     7     2
  192    42    31
  193    20    46
  194    26     4
  195    32    17
  196    14    28
  197    41    24
  198    10    40
  199    15    13
  200    50     9
  201     6    35
  202    12     3
  203    18     5
  204    44    33
  205    36    31
  206    17    17
  207    41    36
  208    18    40
  209     4    21
  210    33    49
  211    13    20
  212     1    48
  213    35    31
  214     9    31
  215    24    40
  216     1    33
  217    27    16
  218    41    38
  219    20    23
  220    43    42
  221    32    10
  222    31    39
  223    38    11
  224    37    22
  225    13    28
  226     2    26
  227    20    15
  228    20    27
  229    31    43
  230    25     3
  231     8    27
  232    33    42
  233    18    49
  234     4     4
  235    24    13
  236    37    36
  237    11    21
  238    35    49
  239     8    43
  240    15    41
  241    39    23
  242    37    15
  243    42    47
  244    14    21
  245    38    48
  246    46     5
  247    48    38
  248    15    14
  249     3    12
  250    32    46
  251    18     7
  252    36    11
  253    14    49
  254    43    28
  255    33     3
  256    11    19
  257    48    26
  258     4    16
  259    13    31
  260    31    33
  261    27     9
  262    14    37
  263    18     7
  264    30     7
  265    13    21
  266    31     4
  267    50    42
  268    11    42
  269    33    29
  270    29    49
  271    32    50
  272    41    39
  273    46    40
  274    11    49
  275    46    13
  276     7     8
  277    20     9
  278     1     4
  279     9    33
  280    43    30
  281    20    25
  282     3     6
  283    35    47
  284    31    15
  285    23    38
  286    28     1
  287     8     7
  288     1    49
  289    13    13
  290    24    15
  291    21    44
  292    25     4
  293    42    26
  294    39    40
  295    42    23
  296    13    35
  297    11     6
  298    21    24
  299    11     4
  300     9    34
  301    14    26
  302    37     7
  303    36     4
  304    18    45
  305    46     5
  306     3    22
  307     9     9
  308     3    25
  309    19    14
  310    18    33
  311    46    50
  312    10    30
  313    30    40
  314    14    42
  315    48     8
  316    16    32
  317    25     3
  318     3    45
  319    24    34
  320     7    33
  321    18    24
  322    17    43
  323    41     8
  324    38    22
  325    13    17
  326     3    43
  327    16    26
  328     5    37
  329    45    44
  330    18    43
  331    25    10
  332    48    47
  333    48    29
  334     4     8
  335    33    14
  336    26     5
  337    11    23
  338     7     3
  339    16    50
  340    14    24
  341     1    49
  342    46    28
  343    35    24
  344    42    48
  345    47    46
  346    25    25
  347    41    32
  348    25    30
  349    34    41
  350    26    21
  351     7    34
  352     1    26
  353    38     8
  354     1    46
  355     6    40
  356    33    23
  357    23    47
  358    20    31
  359    34    35
  360    41    30
  361    20    42
  362     6     3
  363    49    31
  364    35    38
  365    25    50
  366    23    47
  367    17     3
  368    23    32
  369    13    31
  370    35    25
  371     4    40
  372    24    50
  373    36    48
  374    22    40
  375     8    16
  376    31    47
  377     3     9
  378    36    16
  379    40    48
  380    46    25
  381    23    31
  382     9    49
  383    15    16
  384    26    43
  385     2    19
  386    42    39
  387     5    13
  388    38    46
  389     6    24
  390    22    34
  391    26    13
  392    22    11
  393    49    21
  394    18    16
  395    24    28
  396    31    31
  397    32    46
  398    26    46
  399    36    44
  400     6    49
  401    24    40
  402    27    19
  403    42    42
  404    39    27
  405     3    18
  406    20    20
  407    44    28
  408    47    46
  409    46    26
  410    44     6
  411    24    33
  412     8    43
  413    48    45
  414     5    15
  415    39    41
  416    36    36
  417    23    31
  418     7    26
  419     6    50
  420     7    46
  421    33     7
  422     5     3
  423     4    27
  424    49     4
  425    37     8
  426    36     9
  427    24     8
  428    37     6
  429     5    10
  430     8    48
  431    37    39
  432    35     2
  433    50    24
  434    14     5
  435    10    15
  436    35    45
  437    38    36
  438    20    34
  439     7    36
  440    34    29
  441    35    26
  442    11    36
  443    21    34
  444    41    30
  445    41    27
  446    36    44
  447    41     9
  448    17    23
  449    15    17
  450    38    25
  451    48     5
  452    25    11
  453    44    27
  454    15     1
  455     7    48
  456    16    16
  457    48    17
  458    16    48
  459    29    23
  460    19    30
  461     8    41
  462    44    14
  463    18    39
  464    40    30
  465    48    26
  466    34     2
  467    46     8
  468    34    16
  469    22    44
  470    35     9
  471    18    20
  472    41    37
  473    50     4
  474    40     6
  475    43    10
  476     3     1
  477    50    47
  478    26    24
  479    25    17
  480     2     9
  481    31    35
  482    41    49
  483    46    27
  484    32     6
  485    16    11
  486    19    33
  487    24    40
  488    50     2
  489    11     9
  490    25     5
  491     1    39
  492    39    13
  493    42    11
  494    21    33
  495    17    39
  496    20     2
  497    34    31
  498    35    49
  499     2    22
  500    39    40
4229
