500
    1   447   274
    2   483    71
    3   425    61
    4   109   158
    5    14    35
    6   498   292
    7    34    60
    8   304   370
    9   495    84
   10   243   389
   11   400     6
   12    32   466
   13   112   419
   14    35   139
   15   336   383
   16   309    27
   17   235   396
   18    99   411
   19   427   128
   20   466   433
   21   454   176
   22   280   254
   23   177   279
   24   329    89
   25   370   407
   26   203   127
   27   457   433
   28    20   126
   29    23   124
   30   177   462
   31    90    96
   32   125   470
   33   189   382
   34   156    16
   35   180   395
   36   354   260
   37   446   423
   38   444    35
   39   451   223
   40   476    17
   41    17   258
   42    18   388
   43   102   489
   44   164    20
   45   339   398
   46    96   345
   47   409   376
   48   317   276
   49   109   438
   50   230   163
   51   344   325
   52   483   251
   53   164   112
   54   118   235
   55   269    99
   56   395   122
   57   387   276
   58   161   189
   59   365    67
   60   412   473
   61   297   327
   62    95   333
   63   394   162
   64    42   261
   65   379   394
   66   470   355
   67   190   359
   68    66   441
   69   261   219
   70    26   240
   71    22   320
   72   180   472
   73     2   305
   74   390    22
   75   227    78
   76   203   471
   77   219   237
   78   494   230
   79    17   239
   80   244   201
   81   264   372
   82   399    80
   83   278   461
   84   147   164
   85   166   264
   86    29   308
   87    39   306
   88   148   435
   89    65    69
   90   459   290
   91   187   479
   92   302    91
   93   486    71
   94   241   294
   95    45   459
   96    79   168
   97   466   344
   98   237   375
   99    89   379
  100   205   467
  101   341   216
  102    58   471
  103   243    77
  104    34   263
  105   460   184
  106    20   169
  107   339    46
  108   497   453
  109   135     5
  110   333   144
  111   230   389
  112    15   106
  113   350   280
  114   204   148
  115    79   496
  116   446   369
  117   128   478
  118   126   336
  119   367   180
  120   172   495
  121   282   294
  122    95   175
  123    47    82
  124   304    93
  125   300   204
  126   253   489
  127   257    98
  128   187   378
  129   388    57
  130   469   234
  131    99   100
  132   392   372
  133   189   137
  134   151   419
  135   310    55
  136   112   397
  137   121   488
  138   222   453
  139   236   344
  140    94   111
  141   479   430
  142   425   231
  143   158   434
  144   192   486
  145     9   164
  146   415   289
  147   298    61
  148   132   354
  149    97   299
  150   291   313
  151   293    88
  152   207   415
  153   300   280
  154   280   291
  155    21    24
  156    81    83
  157   482    85
  158   130   446
  159   228   220
  160    78   436
  161   207   444
  162   274    61
  163   455   397
  164   258   468
  165   173    84
  166   122   385
  167   268   389
  168   157    62
  169   371   196
  170   346    76
  171   263    61
  172   111   232
  173    27   483
  174   395   464
  175   116   281
  176   217   285
  177    44   385
  178   339    72
  179   431   409
  180   417    34
  181   460   486
  182     6    75
  183    66   383
  184   142    79
  185    50   451
  186   458   500
  187    50    17
  188    25    16
  189   348     6
  190   444   224
  191   409    85
  192   452   389
  193   122   147
  194    37   303
  195    85   424
  196   302    20
  197    49   222
  198   157   408
  199    11     9
  200    33   276
  201    13   289
  202   130   203
  203   121   269
  204   435    37
  205   395   101
  206     9   183
  207   304   419
  208   144   268
  209   159    22
  210   440   248
  211   310   139
  212   250   118
  213   210   341
  214     6   211
  215   156   376
  216   451   386
  217    44   423
  218   290   350
  219    56    76
  220   212   417
  221    30   340
  222   423    15
  223   252   280
  224   157   238
  225   405   246
  226   488   146
  227   181   114
  228   478   276
  229   489     2
  230   361   257
  231     1   348
  232   324   313
  233    79   475
  234   500   369
  235   256   304
  236   269   470
  237   331   204
  238   257   420
  239   210   255
  240   299    99
  241   142   392
  242    34   338
  243   371   380
  244   445   362
  245    88   433
  246    43   441
  247   373   264
  248    16   240
  249   306   271
  250   434   159
  251    93   173
  252   198   173
  253   301    43
  254    95   320
  255   253   102
  256   242   351
  257   468   407
  258   213   423
  259   495   354
  260   129    23
  261   466   406
  262   191   348
  263   144   153
  264   346   477
  265   365   386
  266     7   500
  267   298    85
  268    15   422
  269   144    35
  270   206   466
  271    54   426
  272   301   150
  273   185   382
  274   433   457
  275   110   100
  276    84   405
  277    31   129
  278   165   353
  279   108    75
  280   235   471
  281   400    43
  282   212    61
  283   228   394
  284   468   113
  285   287   219
  286   345   315
  287   317   122
  288   437   199
  289    64    83
  290   395   125
  291   383   453
  292   232   242
  293    10    67
  294    62   204
  295   186   161
  296   479   301
  297   267    73
  298    39    85
  299    10    72
  300    24   258
  301   428     7
  302   256   205
  303    73   200
  304   486   496
  305   300    90
  306   262     2
  307    83   146
  308   113   464
  309   273   378
  310     4   254
  311   421   324
  312   466    49
  313   187   205
  314   266   124
  315   217   372
  316    88   181
  317   418   151
  318   119   112
  319    86     5
  320   240   487
  321   267   405
  322    90   277
  323   334   346
  324   473   133
  325   183   324
  326   277   202
  327    62    32
  328   356   397
  329   346   232
  330   348   119
  331   420   318
  332   324   250
  333   117   363
  334   119   323
  335   285   312
  336   110   346
  337   296   181
  338   183    25
  339    39   291
  340    70    82
  341    72   308
  342   381   345
  343   112   380
  344    16    39
  345   173   323
  346    86   261
  347   476    18
  348    40    40
  349   461   100
  350   275    42
  351    78    47
  352   310   359
  353   262   407
  354   114   331
  355   223   183
  356   113   351
  357   488   366
  358   258   354
  359   464    49
  360    15   185
  361   132    24
  362   231   207
  363   340   135
  364   439   129
  365   474    52
  366   451   458
  367   104   159
  368   446   175
  369    35   414
  370   282   185
  371   185   242
  372   118   352
  373   447   350
  374    62   485
  375    37   147
  376   109   380
  377   448   337
  378   363   424
  379   113   182
  380   491   223
  381   200   397
  382   460   150
  383   483   259
  384   191    18
  385   298   238
  386   175   306
  387   129   114
  388    37   305
  389   425    20
  390    88   227
  391   373    85
  392    66   160
  393   315   121
  394    26   185
  395   262    83
  396   142   108
  397    79   362
  398   304   386
  399   481   289
  400   308   220
  401   331   263
  402    21   192
  403   404   420
  404   481   342
  405   466   461
  406   249   191
  407   300   456
  408   150   365
  409   262   425
  410    77   397
  411   280   205
  412    60   410
  413   299   179
  414   170    95
  415   331    50
  416   423   205
  417   350   309
  418   141   159
  419   214   443
  420   195   270
  421   194   220
  422    67   313
  423   295   272
  424   164   298
  425   130   203
  426   327   488
  427   167   257
  428   243   346
  429    92    25
  430   491   296
  431   375   177
  432   330   492
  433   175   412
  434   450   447
  435   294   385
  436    67    83
  437   369    12
  438   452   430
  439   337   372
  440   305   301
  441   325   292
  442   272   111
  443   142   354
  444   217   400
  445   246   398
  446   421   322
  447   465   167
  448   494    27
  449   494    85
  450    53    61
  451    61   207
  452   169   104
  453   347   411
  454   196   402
  455   419   289
  456   257   205
  457   313   385
  458   300   305
  459   389   454
  460    24   444
  461   265   120
  462   395   496
  463   452   100
  464   107   245
  465   215    27
  466   484   296
  467   462   197
  468   169    84
  469   324    41
  470   361   148
  471    45   167
  472   263   461
  473   468   165
  474   336   354
  475    85   306
  476   106   274
  477   449   229
  478    73   343
  479   381   463
  480   424    77
  481   302   114
  482   157   481
  483   174    34
  484   306   292
  485   484   200
  486   141   344
  487    86   213
  488   185   191
  489   372   132
  490   223   471
  491   198   281
  492   107   346
  493    30     3
  494   475   274
  495   204   325
  496   406   457
  497   107    98
  498   491   107
  499   128   463
  500   113   345
63448
