100
    1    94    85
    2     6    26
    3    16    48
    4    92    21
    5    49    22
    6    37    95
    7    57    43
    8    15    45
    9    46    55
   10    22    52
   11    91     9
   12    59     1
   13    67    22
   14    98    94
   15     7    38
   16    44    74
   17    34    15
   18    66    82
   19    94    67
   20    93    84
   21    33    99
   22    31    33
   23    28    82
   24   100    72
   25    17    74
   26    74    38
   27    20    56
   28    19    45
   29    94    95
   30    96    29
   31    97    99
   32    16    77
   33     8    97
   34    39    19
   35     7    42
   36    69     7
   37    37    22
   38    31    70
   39    26    98
   40    87   100
   41    72    45
   42    13    67
   43    81    72
   44    43    95
   45    58    13
   46     3    48
   47    64    87
   48    36    23
   49    24    29
   50    89    74
   51    79    40
   52    42    54
   53    39    67
   54    41    46
   55    96    10
   56    94    53
   57    66    91
   58    24    24
   59     8    30
   60    11    88
   61   100    90
   62    14    40
   63    89    49
   64     1    96
   65    66    65
   66    89    78
   67    33    70
   68    25    36
   69    44    22
   70    49    51
   71    13    23
   72    79    31
   73    61     8
   74    65    85
   75    86    53
   76    86    42
   77    86    92
   78    89    25
   79    24    86
   80    91    12
   81    91    59
   82    90    63
   83    81    88
   84    14    79
   85    17    87
   86    72    19
   87    18    61
   88    19    46
   89    56    92
   90    82    61
   91     6    14
   92     1    86
   93    85    30
   94    52    49
   95   100    94
   96    94    99
   97    37    91
   98    24    30
   99    92    98
  100    24    90
946
