100
    1     9     4
    2    50    48
    3     7     4
    4    15    13
    5    31    28
    6    49    44
    7     3     1
    8    11     8
    9    14    19
   10    22    20
   11     4     8
   12    38    33
   13    49    46
   14    17    16
   15     9    11
   16     1     1
   17    36    31
   18    43    46
   19    47    47
   20    10     8
   21    42    37
   22    39    44
   23    10     6
   24    32    31
   25    17    15
   26    36    32
   27    19    20
   28    34    36
   29     5    10
   30    20    21
   31    52    48
   32    47    50
   33    44    40
   34    13    17
   35    46    44
   36     8     9
   37    53    48
   38     1     3
   39    13    10
   40     9     9
   41     1     1
   42     5     2
   43    31    30
   44    36    34
   45    35    31
   46    52    47
   47     6     8
   48    26    26
   49    13     9
   50    19    18
   51     9     7
   52     5     2
   53    40    39
   54    11    14
   55    31    31
   56    34    38
   57    13     9
   58    29    31
   59    24    22
   60     5     4
   61     8     9
   62    41    37
   63    30    30
   64     5     3
   65    28    30
   66    35    40
   67    19    15
   68    19    15
   69    19    20
   70    25    20
   71    27    22
   72    26    28
   73    11     6
   74     1     3
   75    39    42
   76     3     7
   77    19    15
   78     4     1
   79    42    37
   80    31    33
   81    20    16
   82    27    22
   83    45    49
   84    25    22
   85    22    26
   86    43    38
   87    36    34
   88    42    40
   89    27    30
   90    28    25
   91    48    47
   92    37    39
   93    29    27
   94    19    22
   95    46    50
   96     6     7
   97    18    17
   98     1     3
   99    11    14
  100    27    28
779
