100
    1    44    35
    2     6    26
    3    16    48
    4    42    21
    5    49    22
    6    37    45
    7     7    43
    8    15    45
    9    46     5
   10    22     2
   11    41     9
   12     9     1
   13    17    22
   14    48    44
   15     7    38
   16    44    24
   17    34    15
   18    16    32
   19    44    17
   20    43    34
   21    33    49
   22    31    33
   23    28    32
   24    50    22
   25    17    24
   26    24    38
   27    20     6
   28    19    45
   29    44    45
   30    46    29
   31    47    49
   32    16    27
   33     8    47
   34    39    19
   35     7    42
   36    19     7
   37    37    22
   38    31    20
   39    26    48
   40    37    50
   41    22    45
   42    13    17
   43    31    22
   44    43    45
   45     8    13
   46     3    48
   47    14    37
   48    36    23
   49    24    29
   50    39    24
   51    29    40
   52    42     4
   53    39    17
   54    41    46
   55    46    10
   56    44     3
   57    16    41
   58    24    24
   59     8    30
   60    11    38
   61    50    40
   62    14    40
   63    39    49
   64     1    46
   65    16    15
   66    39    28
   67    33    20
   68    25    36
   69    44    22
   70    49     1
   71    13    23
   72    29    31
   73    11     8
   74    15    35
   75    36     3
   76    36    42
   77    36    42
   78    39    25
   79    24    36
   80    41    12
   81    41     9
   82    40    13
   83    31    38
   84    14    29
   85    17    37
   86    22    19
   87    18    11
   88    19    46
   89     6    42
   90    32    11
   91     6    14
   92     1    36
   93    35    30
   94     2    49
   95    50    44
   96    44    49
   97    37    41
   98    24    30
   99    42    48
  100    24    40
488
