100
    1   245   204
    2   406   448
    3   104   154
    4   371   363
    5   464   428
    6   256   294
    7   259   301
    8   122   108
    9   245   269
   10    23    70
   11     1     8
   12   194   183
   13   179   196
   14   101   116
   15    41    61
   16   284   301
   17   514   481
   18   361   396
   19   459   497
   20   477   458
   21   267   237
   22   377   344
   23   157   156
   24   313   331
   25   502   465
   26   145   132
   27    75    70
   28   121   136
   29   331   310
   30   206   171
   31   388   398
   32   288   300
   33   267   240
   34   104   117
   35   213   244
   36   126   109
   37   444   448
   38     8    53
   39   173   160
   40    81    59
   41   430   451
   42   420   402
   43   266   230
   44   142   134
   45   189   231
   46     6    47
   47   345   358
   48    64    26
   49   204   159
   50   210   168
   51     1     7
   52   181   152
   53   270   289
   54   464   464
   55   100    81
   56    70    88
   57   427   409
   58     1    31
   59   497   472
   60     4    54
   61   166   209
   62    81    87
   63   203   180
   64   287   303
   65   365   380
   66   339   340
   67   433   465
   68   126   115
   69   244   220
   70   281   270
   71   268   222
   72   404   378
   73   454   406
   74   345   303
   75   370   392
   76    75    57
   77    85   115
   78    27    51
   79   345   337
   80   186   183
   81   414   366
   82   161   122
   83   128    99
   84   400   422
   85   178   226
   86    48    38
   87   249   284
   88   134   140
   89   179   130
   90   311   275
   91   487   497
   92   473   489
   93   453   477
   94    46    72
   95   239   200
   96    21    57
   97   135   117
   98   379   353
   99   274   264
  100   147   128
7946
