500
    1   152   415
    2   460   464
    3   434   874
    4   874   895
    5   379   748
    6   407   437
    7   963   429
    8   145   543
    9   544   861
   10    64   878
   11     9   355
   12    57   383
   13   205   716
   14   472   184
   15   313    28
   16   426   128
   17   488   725
   18   432   940
   19   212   889
   20    39   530
   21   275    53
   22   781   723
   23   926   876
   24   958   754
   25   123   940
   26   884   116
   27   842   658
   28   621   755
   29   252   253
   30   158   395
   31   183   993
   32   134   663
   33   470   667
   34   421   313
   35   301   548
   36   139   413
   37   355   724
   38   957   648
   39   176   700
   40   817   434
   41   910   223
   42   171   157
   43   475     6
   44    33   145
   45   620   935
   46   241   294
   47   406   913
   48    98   629
   49   494   495
   50   671   652
   51   209   110
   52   824   596
   53   637   757
   54   595   424
   55   990   488
   56   296   339
   57   708   713
   58   498   654
   59   874    52
   60   113   606
   61   794   916
   62   876   678
   63   147   775
   64    35   974
   65   292   275
   66   899   384
   67   195   796
   68   555   594
   69   278   716
   70   203   829
   71   283   517
   72   629   513
   73   291   454
   74    67   459
   75   320   655
   76   720   652
   77   152   482
   78   451   383
   79   362   840
   80   997   238
   81   989   533
   82   708   849
   83   727   834
   84    80   797
   85   315   693
   86   586   997
   87   308   351
   88   877   376
   89   422   946
   90   588   671
   91    68   444
   92   755   648
   93   235   260
   94   530   387
   95   238   272
   96   316   537
   97   843   945
   98   502   420
   99   186   460
  100   186   144
  101   422   509
  102   371   764
  103   628    82
  104   419    12
  105   353   417
  106   625   590
  107   720   407
  108   838   598
  109   752   798
  110   238   753
  111   923   378
  112   332   139
  113   547   705
  114    85   973
  115   496   381
  116   695   622
  117   165   847
  118   371   877
  119   608    17
  120   597   128
  121    95   903
  122   772   340
  123   160   283
  124   885   202
  125    57   653
  126   290   970
  127   990   747
  128   768   215
  129   393   842
  130   630   239
  131   228   193
  132   201    37
  133   682   614
  134   724   716
  135    51   432
  136   869   938
  137   574   665
  138   187   806
  139   585   101
  140   363   448
  141   676    75
  142   946   444
  143    75   231
  144     5     3
  145   642   537
  146   516   958
  147   355   446
  148   821   647
  149   978   312
  150   244   926
  151   426   477
  152   360   412
  153   793   521
  154   529   944
  155   838   753
  156    94   692
  157   163   622
  158   835    91
  159   773   585
  160   239   729
  161   928    49
  162   539   982
  163   992   878
  164   983   673
  165   114    33
  166   935   206
  167   297   770
  168   738   979
  169   348   229
  170   315   645
  171   316   362
  172   784   105
  173   620   304
  174   584   417
  175   953   902
  176   946   950
  177   705   822
  178   752   477
  179   736   790
  180   570   727
  181   829   635
  182   839   256
  183   859    60
  184   367   668
  185   899   424
  186   923   329
  187   951   102
  188   646   781
  189   585   775
  190   621   613
  191   914   346
  192   121   654
  193   775   844
  194   558   348
  195   342   937
  196   579   405
  197   718   219
  198   954   993
  199   756   502
  200   202   561
  201   578   494
  202   719   552
  203   578   798
  204   268   146
  205    64   590
  206   246   816
  207   429   384
  208   993   773
  209   216    71
  210   553   793
  211   703    76
  212   495   159
  213   955   110
  214   451   972
  215   521   349
  216   904   943
  217   229   836
  218   235   175
  219    33   585
  220   397   518
  221   875   505
  222   408   216
  223   981   621
  224   398   519
  225   390   683
  226   861   535
  227   702   811
  228   695   625
  229   206   967
  230   686   270
  231   238    37
  232   805   754
  233   952   276
  234   945   250
  235   225   633
  236    38   187
  237   120   669
  238   806   865
  239   663   532
  240   516    16
  241   647   181
  242   975   235
  243   776   145
  244   106   991
  245   989   354
  246   632   866
  247   774   665
  248   869   493
  249   759   236
  250   391   932
  251   342   154
  252   275   646
  253   522   732
  254   404   853
  255   846   747
  256   607   220
  257   109   664
  258   978   184
  259   112    99
  260    74   356
  261    91   603
  262   796   117
  263   997   246
  264   379   566
  265    70   111
  266   312   945
  267   443   970
  268   424   531
  269   165   452
  270   511   547
  271   399   227
  272   418    23
  273   614   767
  274   978   522
  275    91   325
  276   885   950
  277   556   670
  278    46    98
  279   153   160
  280   620  1000
  281   561   280
  282   481   422
  283   261   987
  284   841   462
  285   516   728
  286   674   244
  287    86   651
  288   114   700
  289   517   320
  290    36   742
  291   660   322
  292   445   519
  293   147    48
  294   907   685
  295   275   786
  296   764   382
  297   132   806
  298   476   758
  299   311     9
  300   353   307
  301   861   668
  302   793   550
  303   694   741
  304   875   897
  305   757   359
  306   131   415
  307   880   823
  308   382   341
  309   430   203
  310   125   195
  311   418   473
  312   679   638
  313   596   986
  314   767   789
  315   454   401
  316   237   174
  317   651   796
  318   400    45
  319   515    94
  320   905   192
  321   260   862
  322    35   746
  323   771   423
  324   542   754
  325   272   837
  326   826   367
  327   503   145
  328   961    18
  329   299   609
  330   661   168
  331   413   135
  332   577    51
  333   154   580
  334   396   900
  335   442   609
  336   927   375
  337   717   202
  338   336   218
  339   736   624
  340   183   851
  341   613    73
  342   750   726
  343   513   245
  344   517   472
  345   526   824
  346   211   634
  347   745   343
  348   817    61
  349   614   513
  350   120   335
  351   471   820
  352   979    72
  353    59   256
  354   735   604
  355   756   468
  356   878   156
  357    65   651
  358    35    99
  359    73   378
  360   616   394
  361   257   289
  362   580   616
  363   821   548
  364    48   962
  365   875   805
  366     8   483
  367   877   120
  368   391   608
  369   780   283
  370   827   954
  371   394   647
  372   703   457
  373   664   407
  374   191   826
  375   846   708
  376   318   645
  377    41   842
  378    68   541
  379   854   699
  380   380    68
  381    53   230
  382   809   851
  383   520   492
  384    16   867
  385   939   175
  386   640   291
  387   926   263
  388   238   574
  389   566   161
  390   621   816
  391   314   630
  392   651     5
  393  1000    70
  394   543    70
  395   287   344
  396   559   313
  397   320   447
  398   565   619
  399   918   178
  400   513   565
  401   444   656
  402   658   289
  403   525   173
  404   566   519
  405   543   598
  406   858   528
  407   961   261
  408   651   598
  409   547   826
  410   290   630
  411   341   550
  412   565   491
  413   848   548
  414    51   352
  415   512   615
  416   248   994
  417   651   666
  418   710   424
  419   731   880
  420   620   519
  421   311   441
  422   944   230
  423    24   861
  424   441   883
  425   863   592
  426   912    97
  427   404   506
  428    52   879
  429   865   906
  430   356   893
  431   956   854
  432   767   525
  433   124   289
  434   175   580
  435   163   178
  436   228   508
  437   178   565
  438   117   223
  439    50   649
  440   346   194
  441   206   477
  442   541   908
  443   631   143
  444   918   393
  445    55   939
  446   838   327
  447   814   236
  448   595   588
  449   603   922
  450   930   834
  451   986   160
  452   562   641
  453   652   280
  454   157   407
  455   796   670
  456   690   134
  457   942   670
  458   269   370
  459   562   515
  460   681   525
  461   478   429
  462   500     9
  463   569   373
  464    88   826
  465   300   224
  466   737   333
  467   147   878
  468   586   873
  469   833   134
  470   866   225
  471   450    64
  472   756   706
  473   505   334
  474   477    55
  475   722   247
  476   863   119
  477   946   394
  478   266   832
  479   594   156
  480   769   418
  481   643   719
  482   842   946
  483   779   999
  484   255   865
  485   821   129
  486   986   361
  487   615   610
  488   254   420
  489   493   377
  490   216   504
  491   643   218
  492   292   811
  493   807   336
  494   636   151
  495   829   950
  496   379   770
  497   404   235
  498   304    76
  499   781   592
  500    14   702
213030
