500
    1   336   274
    2   631   571
    3   112    61
    4   571   658
    5   539   535
    6   696   792
    7   655   560
    8   314   370
    9   539   584
   10   927   889
   11     1     6
   12   423   466
   13  1017   919
   14   205   139
   15   305   383
   16     1    27
   17   904   896
   18   989   911
   19   564   628
   20   850   933
   21   168   176
   22   273   254
   23   180   279
   24   529   589
   25   433   407
   26    71   127
   27   888   933
   28   180   126
   29   542   624
   30   493   462
   31   642   596
   32   959   970
   33   351   382
   34   481   516
   35   973   895
   36   702   760
   37   507   423
   38    64    35
   39   170   223
   40   590   517
   41   308   258
   42   928   888
   43   441   489
   44    93    20
   45   932   898
   46   422   345
   47   966   876
   48   824   776
   49   961   938
   50   687   663
   51   839   825
   52   812   751
   53   115   112
   54   333   235
   55    25    99
   56   522   622
   57   226   276
   58   608   689
   59   646   567
   60   518   473
   61   349   327
   62   907   833
   63   215   162
   64   710   761
   65   992   894
   66   430   355
   67   433   359
   68   983   941
   69   655   719
   70   279   240
   71   292   320
   72  1026   972
   73   386   305
   74     1    22
   75   559   578
   76   439   471
   77   268   237
   78   719   730
   79   782   739
   80   222   201
   81   923   872
   82   656   580
   83   537   461
   84   676   664
   85   323   264
   86   834   808
   87   341   306
   88   479   435
   89   120    69
   90   251   290
   91   385   479
   92   129    91
   93    44    71
   94   250   294
   95   482   459
   96   736   668
   97   806   844
   98   300   375
   99   957   879
  100   469   467
  101   302   216
  102   549   471
  103   177    77
  104   208   263
  105   680   684
  106    99   169
  107   615   546
  108  1016   953
  109   503   505
  110   685   644
  111   360   389
  112   669   606
  113   756   780
  114   707   648
  115   485   496
  116   317   369
  117   960   978
  118   245   336
  119   224   180
  120   993   995
  121   738   794
  122   219   175
  123   500   582
  124   143    93
  125   679   704
  126  1010   989
  127   680   598
  128   434   378
  129   562   557
  130   205   234
  131   136   100
  132   785   872
  133    68   137
  134   923   919
  135   640   555
  136   379   397
  137  1005   988
  138   976   953
  139   405   344
  140   641   611
  141   504   430
  142   199   231
  143   508   434
  144   422   486
  145   192   164
  146   330   289
  147   506   561
  148   377   354
  149   215   299
  150   267   313
  151     1    88
  152   430   415
  153   808   780
  154   330   291
  155   530   524
  156   585   583
  157   673   585
  158   439   446
  159   216   220
  160   395   436
  161   446   444
  162   590   561
  163   968   897
  164   387   468
  165   100    84
  166   356   385
  167   312   389
  168    87    62
  169   616   696
  170   540   576
  171   145    61
  172   741   732
  173   548   483
  174   998   964
  175   326   281
  176   859   785
  177   313   385
  178   102    72
  179   454   409
  180     9    34
  181   586   486
  182   131    75
  183   452   383
  184    64    79
  185   355   451
  186   527   500
  187     1    17
  188    57    16
  189   434   506
  190   242   224
  191   152    85
  192   861   889
  193   715   647
  194   395   303
  195   844   924
  196   605   520
  197   272   222
  198   967   908
  199     1     9
  200   210   276
  201   213   289
  202   115   203
  203   725   769
  204     8    37
  205   553   601
  206   647   683
  207   502   419
  208   757   768
  209   538   522
  210   792   748
  211   679   639
  212   624   618
  213   777   841
  214   644   711
  215   455   376
  216   294   386
  217   456   423
  218   818   850
  219     1    76
  220   378   417
  221   322   340
  222   572   515
  223   273   280
  224   805   738
  225   228   246
  226    92   146
  227   655   614
  228   255   276
  229    52     2
  230   337   257
  231   857   848
  232   714   813
  233  1018   975
  234   867   869
  235   871   804
  236   376   470
  237   660   704
  238   478   420
  239   261   255
  240   121    99
  241   415   392
  242   878   838
  243   422   380
  244   272   362
  245   886   933
  246   984   941
  247   822   764
  248   180   240
  249   257   271
  250   139   159
  251   176   173
  252   721   673
  253   518   543
  254   366   320
  255    47   102
  256   385   351
  257   936   907
  258   941   923
  259   819   854
  260     1    23
  261   346   406
  262   836   848
  263   199   153
  264  1069   977
  265   336   386
  266   555   500
  267     3    85
  268   393   422
  269   451   535
  270  1011   966
  271   959   926
  272   678   650
  273   852   882
  274   862   957
  275   538   600
  276   989   905
  277   181   129
  278   894   853
  279    43    75
  280  1004   971
  281    65    43
  282   551   561
  283   882   894
  284   191   113
  285   275   219
  286   784   815
  287   573   622
  288   133   199
  289   177    83
  290   584   625
  291   535   453
  292   249   242
  293     1    67
  294   656   704
  295   593   661
  296   802   801
  297   132    73
  298   610   585
  299   649   572
  300   748   758
  301    87     7
  302   673   705
  303   175   200
  304  1088   996
  305    62    90
  306     1     2
  307    72   146
  308   387   464
  309   802   878
  310   273   254
  311   417   324
  312     1    49
  313   173   205
  314   709   624
  315   272   372
  316   611   681
  317   251   151
  318   200   112
  319   547   505
  320  1058   987
  321   827   905
  322   343   277
  323   366   346
  324   166   133
  325   836   824
  326   146   202
  327   542   532
  328   475   397
  329   641   732
  330   692   619
  331   807   818
  332   682   750
  333   874   863
  334   796   823
  335   850   812
  336   345   346
  337   186   181
  338   615   525
  339   196   291
  340   645   582
  341   402   308
  342   340   345
  343   847   880
  344   507   539
  345   337   323
  346   197   261
  347     6    18
  348   113    40
  349    11   100
  350   136    42
  351    65    47
  352   918   859
  353   909   907
  354   930   831
  355   132   183
  356   373   351
  357   325   366
  358   796   854
  359   456   549
  360   784   685
  361   444   524
  362   768   707
  363   147   135
  364   722   629
  365   504   552
  366  1018   958
  367   704   659
  368   597   675
  369   449   414
  370   623   685
  371   224   242
  372   952   852
  373   800   850
  374   503   485
  375   724   647
  376   884   880
  377   813   837
  378   456   424
  379   120   182
  380   313   223
  381   851   897
  382    62   150
  383   826   759
  384   542   518
  385   832   738
  386   875   806
  387   157   114
  388   299   305
  389     1    20
  390   264   227
  391   528   585
  392   231   160
  393    29   121
  394   120   185
  395    84    83
  396   197   108
  397   419   362
  398   834   886
  399   699   789
  400   634   720
  401   779   763
  402   730   692
  403   960   920
  404   790   842
  405  1025   961
  406   631   691
  407   368   456
  408   944   865
  409   837   925
  410   865   897
  411   731   705
  412  1002   910
  413   660   679
  414   573   595
  415   105    50
  416   207   205
  417   289   309
  418   595   659
  419   348   443
  420   681   770
  421   210   220
  422   372   313
  423   207   272
  424   829   798
  425   213   203
  426   922   988
  427   773   757
  428   260   346
  429   452   525
  430   355   296
  431   212   177
  432   966   992
  433   503   412
  434   443   447
  435   909   885
  436   535   583
  437   413   512
  438   974   930
  439   414   372
  440   245   301
  441   754   792
  442    21   111
  443   428   354
  444   880   900
  445   332   398
  446   238   322
  447    87   167
  448   484   527
  449   116    85
  450   133    61
  451   663   707
  452   657   604
  453   427   411
  454   420   402
  455   222   289
  456   624   705
  457   359   385
  458   798   805
  459   436   454
  460   863   944
  461    93   120
  462   942   996
  463   613   600
  464   308   245
  465     1    27
  466   359   296
  467   777   697
  468    90    84
  469    51    41
  470   237   148
  471   761   667
  472   384   461
  473   601   665
  474   316   354
  475   275   306
  476   194   274
  477   234   229
  478   834   843
  479   401   463
  480   136    77
  481    89   114
  482   905   981
  483    15    34
  484   330   292
  485   740   700
  486   791   844
  487   269   213
  488   101   191
  489    97   132
  490   949   971
  491   756   781
  492   879   846
  493     1     3
  494   182   274
  495   920   825
  496  1049   957
  497   614   598
  498   569   607
  499   874   963
  500   335   345
122948
