100
    1   214   204
    2   956   946
    3   458   448
    4   829   819
    5   664   654
    6   430   420
    7   873   863
    8   810   800
    9   938   928
   10   416   406
   11   304   294
   12   951   941
   13   811   801
   14    80    70
   15   618   608
   16   570   560
   17   779   769
   18   805   795
   19    80    70
   20   593   583
   21    18     8
   22   605   595
   23   193   183
   24   705   695
   25   706   696
   26   473   463
   27   626   616
   28   752   742
   29   571   561
   30   181   171
   31   811   801
   32   362   352
   33   491   481
   34   868   858
   35   406   396
   36   192   182
   37  1007   997
   38   897   887
   39   468   458
   40   616   606
   41   747   737
   42   480   470
   43   854   844
   44   965   955
   45   666   656
   46   562   552
   47   341   331
   48   774   764
   49   475   465
   50   503   493
   51   142   132
   52   373   363
   53    80    70
   54   598   588
   55   646   636
   56   230   220
   57   820   810
   58   992   982
   59   181   171
   60   271   261
   61   408   398
   62   803   793
   63   810   800
   64   806   796
   65   250   240
   66   882   872
   67   627   617
   68   357   347
   69   754   744
   70   778   768
   71   119   109
   72   795   785
   73   458   448
   74   751   741
   75   563   553
   76   197   187
   77   170   160
   78   349   339
   79    69    59
   80   418   408
   81   461   451
   82   330   320
   83   912   902
   84   452   442
   85   740   730
   86   528   518
   87   644   634
   88   137   127
   89   741   731
   90    33    23
   91    57    47
   92   385   375
   93   368   358
   94   523   513
   95   536   526
   96    11     1
   97   669   659
   98   603   593
   99   678   668
  100   696   686
17565
