100
    1    16    15
    2    15    14
    3    26    24
    4    42    45
    5    50    48
    6    37    37
    7    26    29
    8    38    43
    9    14    11
   10    26    28
   11     1     5
   12    38    33
   13    18    16
   14    34    34
   15    24    28
   16    29    28
   17    20    25
   18    39    40
   19    35    39
   20    35    30
   21     1     3
   22    20    23
   23    21    26
   24     3     4
   25    36    40
   26    19    16
   27     6     8
   28     1     5
   29     1     3
   30    46    45
   31    42    43
   32    16    13
   33    18    17
   34    18    13
   35    48    48
   36    14    13
   37    24    24
   38    52    48
   39    48    50
   40    32    34
   41    23    23
   42     7     7
   43     4     6
   44    48    45
   45    38    35
   46    41    44
   47    13    13
   48    26    29
   49    47    45
   50     7     2
   51     9    10
   52    46    46
   53     5     7
   54    29    24
   55    39    38
   56    34    39
   57    11    13
   58     4     4
   59     7     2
   60    11     6
   61    18    16
   62    25    28
   63    23    25
   64    28    24
   65    20    25
   66    31    34
   67    50    46
   68    49    44
   69    14    16
   70    34    29
   71    16    17
   72    13    13
   73     2     4
   74    12     9
   75     7     5
   76     6     2
   77    34    32
   78    37    33
   79    36    40
   80    39    38
   81    31    33
   82    51    49
   83    34    34
   84    47    47
   85    43    43
   86    47    47
   87     6     1
   88    29    26
   89    41    46
   90    22    21
   91    42    44
   92    51    48
   93    10    10
   94    36    37
   95    20    22
   96    40    37
   97    50    45
   98    24    20
   99    12    10
  100    41    44
2191
