500
    1   245   204
    2   406   448
    3   104   154
    4   371   363
    5   464   428
    6   256   294
    7   259   301
    8   122   108
    9   245   269
   10    23    70
   11     1     8
   12   194   183
   13   179   196
   14   101   116
   15    41    61
   16   284   301
   17   514   481
   18   361   396
   19   459   497
   20   477   458
   21   267   237
   22   377   344
   23   157   156
   24   313   331
   25   502   465
   26   145   132
   27    75    70
   28   121   136
   29   331   310
   30   206   171
   31   388   398
   32   288   300
   33   267   240
   34   104   117
   35   213   244
   36   126   109
   37   444   448
   38     8    53
   39   173   160
   40    81    59
   41   430   451
   42   420   402
   43   266   230
   44   142   134
   45   189   231
   46     6    47
   47   345   358
   48    64    26
   49   204   159
   50   210   168
   51     1     7
   52   181   152
   53   270   289
   54   464   464
   55   100    81
   56    70    88
   57   427   409
   58     1    31
   59   497   472
   60     4    54
   61   166   209
   62    81    87
   63   203   180
   64   287   303
   65   365   380
   66   339   340
   67   433   465
   68   126   115
   69   244   220
   70   281   270
   71   268   222
   72   404   378
   73   454   406
   74   345   303
   75   370   392
   76    75    57
   77    85   115
   78    27    51
   79   345   337
   80   186   183
   81   414   366
   82   161   122
   83   128    99
   84   400   422
   85   178   226
   86    48    38
   87   249   284
   88   134   140
   89   179   130
   90   311   275
   91   487   497
   92   473   489
   93   453   477
   94    46    72
   95   239   200
   96    21    57
   97   135   117
   98   379   353
   99   274   264
  100   147   128
  101   468   421
  102   452   472
  103   371   398
  104   396   388
  105   114   141
  106   138   134
  107    89   115
  108   451   455
  109    29    35
  110   241   237
  111   362   395
  112   201   163
  113   121   169
  114   355   309
  115   419   377
  116    71    67
  117    61    43
  118    37    65
  119   300   261
  120   445   429
  121    28    64
  122   437   417
  123   242   232
  124    19    39
  125    53    53
  126   355   351
  127    34    24
  128   429   460
  129    85    91
  130    48    55
  131   401   406
  132   428   465
  133    76    47
  134    10    20
  135   312   293
  136   352   302
  137   143   149
  138   172   203
  139   430   466
  140   298   340
  141   256   283
  142   344   301
  143   219   211
  144    35    51
  145   142   153
  146   113   130
  147   504   470
  148    20    31
  149   178   145
  150   361   330
  151   397   393
  152   254   241
  153   252   262
  154   502   464
  155   442   410
  156   157   204
  157   342   390
  158   282   271
  159    21    38
  160   134   113
  161   500   465
  162   163   175
  163   191   230
  164   363   366
  165   255   285
  166   517   474
  167   409   375
  168   239   252
  169   244   254
  170   440   393
  171   281   235
  172   272   222
  173   385   397
  174    12    62
  175   453   471
  176    71    27
  177   216   166
  178     1    17
  179   414   366
  180   143   188
  181    92    87
  182   198   161
  183    60    44
  184   296   284
  185   448   465
  186   119    85
  187   523   474
  188   323   281
  189   408   372
  190    25    29
  191    88   102
  192   302   331
  193   158   196
  194   134   104
  195   392   417
  196    80    78
  197   270   224
  198   164   190
  199   266   263
  200   266   309
  201   376   335
  202   335   353
  203   251   255
  204   479   483
  205   478   431
  206   143   117
  207   401   436
  208    71    90
  209   112    71
  210    18    49
  211   373   420
  212   383   348
  213    24    31
  214    37    81
  215   436   390
  216   247   283
  217   186   216
  218   219   188
  219   154   173
  220    86    42
  221   144   110
  222   512   489
  223   443   461
  224   188   172
  225     3    28
  226   230   276
  227    50    15
  228   258   277
  229   367   343
  230   146   103
  231   117    77
  232   303   342
  233   181   149
  234   387   354
  235   178   213
  236   420   436
  237   255   221
  238    59    49
  239   284   293
  240   153   141
  241   214   173
  242   300   315
  243   469   497
  244   417   371
  245   357   398
  246   126   155
  247   120   138
  248   135   114
  249   146   112
  250    51    96
  251     1     7
  252    24    11
  253   422   449
  254   346   378
  255    59   103
  256   238   269
  257   219   176
  258   110   116
  259   278   231
  260     7    33
  261   123   159
  262    65    37
  263    88   107
  264     2     7
  265   202   171
  266   425   454
  267   187   142
  268   161   192
  269   476   429
  270   521   499
  271   147   100
  272   160   139
  273   448   440
  274   458   499
  275   407   413
  276    44    58
  277   408   359
  278    81    54
  279    78    33
  280   324   280
  281   389   425
  282   257   306
  283   397   347
  284    86   115
  285   333   288
  286    76   101
  287    98   107
  288   474   449
  289    75   113
  290   237   215
  291   176   194
  292    69   104
  293    54    76
  294   367   390
  295   387   423
  296   333   335
  297   183   206
  298   124   174
  299   357   354
  300   453   484
  301   145   176
  302    91   107
  303   286   254
  304    15    45
  305   473   455
  306   425   472
  307   139   159
  308     9    25
  309   363   364
  310   296   283
  311   251   250
  312   395   430
  313   524   490
  314    35    42
  315   359   358
  316   106    82
  317   128   153
  318   194   145
  319    32    34
  320    72    33
  321    49    74
  322    54    43
  323   346   308
  324   370   322
  325   292   317
  326   397   443
  327   229   226
  328    57    87
  329   270   294
  330   514   493
  331   146   160
  332   273   247
  333   316   329
  334    74   108
  335   417   414
  336   123   155
  337     1    23
  338    20     3
  339   269   300
  340   170   124
  341   246   249
  342   451   478
  343   400   374
  344   231   248
  345   428   396
  346   119    75
  347    15    32
  348     1    30
  349    15    41
  350   121    71
  351   527   484
  352    59    76
  353   446   408
  354   288   296
  355    83    40
  356   289   273
  357    91    47
  358   227   231
  359    86   135
  360   333   330
  361   184   142
  362   298   253
  363   240   281
  364   180   138
  365   226   250
  366    43    47
  367   295   253
  368    23    32
  369   286   331
  370   357   375
  371    73    40
  372     6    50
  373   223   248
  374   489   490
  375   159   116
  376   535   497
  377   111   159
  378   389   366
  379   233   248
  380    83   125
  381   216   231
  382   252   299
  383   249   216
  384   321   343
  385     1    19
  386   274   239
  387   357   363
  388   358   346
  389   225   274
  390   302   284
  391    58    63
  392    66    61
  393   434   471
  394    65    66
  395    84   128
  396   209   181
  397   502   496
  398   149   196
  399   116    94
  400   185   149
  401   117   140
  402    35    69
  403   462   442
  404   304   327
  405   335   318
  406   434   420
  407   372   378
  408   167   146
  409   344   326
  410   187   206
  411   293   283
  412   463   443
  413   222   245
  414   320   365
  415    79    91
  416   475   486
  417    84   131
  418   297   276
  419   389   400
  420   434   396
  421   226   257
  422     1     3
  423   474   477
  424   360   404
  425    49     8
  426   111   109
  427   101    58
  428   288   256
  429    49    10
  430   464   498
  431   300   339
  432   427   402
  433   448   474
  434   219   205
  435   385   415
  436   476   445
  437   520   486
  438   245   284
  439   119    86
  440   151   179
  441   171   126
  442    82    36
  443   270   284
  444   289   330
  445   115   127
  446   187   144
  447   353   309
  448   189   173
  449   168   167
  450   213   175
  451   314   305
  452   242   261
  453   432   477
  454   215   251
  455   140    98
  456   155   166
  457   104    67
  458   171   198
  459   472   423
  460   318   330
  461   129   141
  462   337   314
  463   358   389
  464   143   130
  465    78    76
  466   149   102
  467   470   458
  468   345   366
  469   454   494
  470    77   109
  471   298   320
  472   493   487
  473   170   154
  474   375   356
  475   140   160
  476   318   351
  477   142   147
  478     1    24
  479   126   117
  480   297   259
  481   140   135
  482   472   499
  483   196   227
  484     1     6
  485   128   161
  486   253   233
  487   184   190
  488   269   252
  489    29     9
  490   210   205
  491   286   239
  492   370   363
  493   130   161
  494   493   483
  495   422   439
  496   440   402
  497    99   131
  498    10    49
  499   457   472
  500   519   490
39796
