500
    1     2     4
    2    45    48
    3    62    54
    4    64    63
    5    32    28
    6    97    94
    7     1     1
    8     8     8
    9    67    69
   10    60    70
   11    12     8
   12    76    83
   13    88    96
   14    25    16
   15    67    61
   16     5     1
   17    72    81
   18    93    96
   19   103    97
   20    62    58
   21    47    37
   22    49    44
   23    49    56
   24    40    31
   25    74    65
   26    36    32
   27    61    70
   28    30    36
   29    15    10
   30    66    71
   31    89    98
   32    90   100
   33    49    40
   34    19    17
   35    49    44
   36     1     9
   37    42    48
   38    49    53
   39    67    60
   40    54    59
   41    56    51
   42     6     2
   43    20    30
   44    31    34
   45    36    31
   46    48    47
   47    51    58
   48    26    26
   49    65    59
   50    64    68
   51    14     7
   52    62    52
   53    94    89
   54    54    64
   55    85    81
   56    78    88
   57    19     9
   58    35    31
   59    81    72
   60    46    54
   61    11     9
   62    81    87
   63    83    80
   64     8     3
   65    82    80
   66    44    40
   67    74    65
   68    23    15
   69    23    20
   70    80    70
   71    13    22
   72    75    78
   73     5     6
   74    12     3
   75    87    92
   76    50    57
   77    12    15
   78    56    51
   79    46    37
   80    77    83
   81    58    66
   82    12    22
   83   107    99
   84    19    22
   85    33    26
   86    35    38
   87    94    84
   88    48    40
   89    25    30
   90    78    75
   91   106    97
   92    95    89
   93    69    77
   94    62    72
   95   101   100
   96    67    57
   97    10    17
   98    49    53
   99    69    64
  100    28    28
  101    28    21
  102    68    72
  103   107    98
  104    98    88
  105    40    41
  106    35    34
  107    18    15
  108    50    55
  109    34    35
  110    44    37
  111   102    95
  112    65    63
  113    78    69
  114    17     9
  115    79    77
  116    70    67
  117    46    43
  118    62    65
  119    58    61
  120    32    29
  121    56    64
  122     9    17
  123    37    32
  124    46    39
  125    55    53
  126    41    51
  127    16    24
  128    54    60
  129    89    91
  130    49    55
  131     3     6
  132    55    65
  133    43    47
  134    18    20
  135    99    93
  136     6     2
  137    41    49
  138     1     3
  139    65    66
  140    45    40
  141    83    83
  142     1     1
  143     2    11
  144    44    51
  145    57    53
  146    40    30
  147    64    70
  148    27    31
  149    48    45
  150    37    30
  151    97    93
  152    38    41
  153    54    62
  154    65    64
  155    20    10
  156     6     4
  157    99    90
  158    74    71
  159    42    38
  160     4    13
  161    74    65
  162    73    75
  163    31    30
  164    69    66
  165    76    85
  166    79    74
  167    67    75
  168    61    52
  169    50    54
  170    93    93
  171    31    35
  172    21    22
  173    89    97
  174    68    62
  175    79    71
  176    33    27
  177    65    66
  178    24    17
  179    61    66
  180    92    88
  181    80    87
  182    66    61
  183    37    44
  184    79    84
  185    71    65
  186    77    85
  187    81    74
  188    87    81
  189    71    72
  190    26    29
  191     1     2
  192    41    31
  193    91    96
  194     2     4
  195    17    17
  196    86    78
  197    31    24
  198    99    90
  199    57    63
  200    13     9
  201    44    35
  202    46    53
  203    46    55
  204    75    83
  205    26    31
  206    18    17
  207    35    36
  208    85    90
  209    65    71
  210    55    49
  211    13    20
  212    47    48
  213    40    31
  214    80    81
  215    82    90
  216    75    83
  217    10    16
  218    90    88
  219    72    73
  220    40    42
  221    15    10
  222    81    89
  223    63    61
  224    68    72
  225    37    28
  226    77    76
  227    10    15
  228    67    77
  229    51    43
  230     1     3
  231    75    77
  232    40    42
  233    42    49
  234    62    54
  235    16    13
  236    32    36
  237    20    21
  238    53    49
  239    95    93
  240    35    41
  241    78    73
  242    11    15
  243    94    97
  244    62    71
  245   108    98
  246    65    55
  247    40    38
  248    15    14
  249    18    12
  250   106    96
  251     9     7
  252    21    11
  253    46    49
  254    73    78
  255     1     3
  256    77    69
  257    69    76
  258    18    16
  259    34    31
  260    42    33
  261    69    59
  262    32    37
  263    11     7
  264    17     7
  265    80    71
  266    53    54
  267    38    42
  268   102    92
  269    36    29
  270    92    99
  271    90   100
  272    47    39
  273    37    40
  274    94    99
  275    16    13
  276    48    58
  277    54    59
  278    64    54
  279    26    33
  280    90    80
  281    22    25
  282     7     6
  283    48    47
  284     5    15
  285    88    88
  286     1     1
  287    15     7
  288    55    49
  289     3    13
  290    18    15
  291    86    94
  292     1     4
  293    74    76
  294    84    90
  295    13    23
  296    38    35
  297    12     6
  298    80    74
  299    54    54
  300    78    84
  301    78    76
  302     7     7
  303    58    54
  304    35    45
  305    57    55
  306    82    72
  307    66    59
  308    20    25
  309    66    64
  310    89    83
  311    58    50
  312    40    30
  313    85    90
  314    42    42
  315    51    58
  316    74    82
  317    61    53
  318    42    45
  319    40    34
  320    28    33
  321    72    74
  322    34    43
  323     7     8
  324    20    22
  325     9    17
  326    42    43
  327    16    26
  328    89    87
  329   100    94
  330    98    93
  331    69    60
  332    52    47
  333    35    29
  334     8     8
  335    11    14
  336    65    55
  337    29    23
  338    11     3
  339    90   100
  340    31    24
  341    56    49
  342    84    78
  343    73    74
  344    49    48
  345    97    96
  346    78    75
  347    33    32
  348    40    30
  349    45    41
  350    68    71
  351    94    84
  352    71    76
  353    12     8
  354    96    96
  355    32    40
  356    71    73
  357    39    47
  358    31    31
  359    35    35
  360    20    30
  361    45    42
  362    52    53
  363    85    81
  364    48    38
  365    60    50
  366    37    47
  367    55    53
  368    23    32
  369    21    31
  370    79    75
  371    50    40
  372    51    50
  373    52    48
  374    86    90
  375    23    16
  376    91    97
  377    67    59
  378    72    66
  379    52    48
  380    21    25
  381    21    31
  382    92    99
  383    14    16
  384    38    43
  385    14    19
  386    30    39
  387    72    63
  388    50    46
  389    73    74
  390    75    84
  391    68    63
  392    65    61
  393    78    71
  394    60    66
  395    19    28
  396    89    81
  397    90    96
  398   104    96
  399    90    94
  400    53    49
  401    45    40
  402    67    69
  403    38    42
  404    17    27
  405    25    18
  406    28    20
  407    68    78
  408    45    46
  409    17    26
  410    16     6
  411    77    83
  412    40    43
  413    52    45
  414    64    65
  415    88    91
  416    81    86
  417    34    31
  418    69    76
  419    91   100
  420    97    96
  421    54    57
  422     9     3
  423    67    77
  424     5     4
  425     3     8
  426     6     9
  427    54    58
  428    63    56
  429    14    10
  430    94    98
  431    36    39
  432     1     2
  433    69    74
  434    12     5
  435    11    15
  436    54    45
  437    85    86
  438    85    84
  439    89    86
  440    81    79
  441    24    26
  442    33    36
  443    82    84
  444    29    30
  445    29    27
  446    47    44
  447     1     9
  448    69    73
  449    66    67
  450    80    75
  451    13     5
  452    58    61
  453    72    77
  454    42    51
  455    96    98
  456    58    66
  457    68    67
  458    90    98
  459    22    23
  460    38    30
  461    33    41
  462     4    14
  463    91    89
  464    22    30
  465    84    76
  466     1     2
  467    60    58
  468    76    66
  469    97    94
  470    11     9
  471    29    20
  472    90    87
  473    52    54
  474    53    56
  475    61    60
  476    49    51
  477    43    47
  478    23    24
  479     8    17
  480    53    59
  481    37    35
  482    90    99
  483    32    27
  484     1     6
  485    54    61
  486    43    33
  487    97    90
  488    47    52
  489     1     9
  490     9     5
  491    44    39
  492    68    63
  493    71    61
  494    88    83
  495    32    39
  496     8     2
  497    22    31
  498    41    49
  499    73    72
  500    94    90
8429
