100
    1   346   345
    2   237   193
    3   425   467
    4   119   100
    5   160   141
    6   245   291
    7   207   170
    8   315   281
    9     1    46
   10   109    59
   11   359   357
   12    78   100
   13   468   493
   14   181   161
   15   176   206
   16   250   254
   17   356   310
   18   389   425
   19   245   258
   20   407   407
   21   101   114
   22   354   313
   23   405   401
   24   542   496
   25   311   350
   26   161   121
   27   267   295
   28   130   117
   29   469   439
   30   149   104
   31   329   295
   32   182   141
   33     1    25
   34   389   414
   35    42    45
   36   284   262
   37   259   249
   38    13    18
   39   170   137
   40   438   476
   41   375   416
   42    24    23
   43   224   247
   44   215   259
   45   432   416
   46   183   144
   47   354   395
   48   334   379
   49   235   216
   50   154   157
   51   337   292
   52   509   497
   53   444   434
   54    50     5
   55   512   470
   56   195   157
   57   460   494
   58   342   348
   59   268   309
   60    27    39
   61   291   298
   62   430   432
   63   194   145
   64   372   368
   65   418   409
   66   419   369
   67   372   402
   68   308   268
   69   197   217
   70   180   211
   71   382   419
   72   369   419
   73   164   203
   74   271   240
   75   126   117
   76   350   386
   77   318   360
   78    59    56
   79   265   290
   80   203   220
   81    53    27
   82    80    39
   83   442   472
   84   102    55
   85   105   155
   86    85    79
   87   352   329
   88   119    81
   89    26     7
   90   154   156
   91   412   462
   92    39    46
   93   147   166
   94   175   165
   95   409   365
   96   459   426
   97   259   218
   98   408   398
   99   542   493
  100   263   305
17230
