500
    1   355   345
    2   309   299
    3   703   693
    4   806   796
    5   477   467
    6   439   429
    7   110   100
    8    75    65
    9   151   141
   10   633   623
   11   301   291
   12   712   702
   13   680   670
   14  1009   999
   15   791   781
   16   411   401
   17    56    46
   18   206   196
   19    69    59
   20   914   904
   21   367   357
   22   214   204
   23   110   100
   24   730   720
   25   503   493
   26   418   408
   27   671   661
   28   337   327
   29   216   206
   30   158   148
   31   264   254
   32   627   617
   33   320   310
   34   621   611
   35   435   425
   36    25    15
   37   268   258
   38   330   320
   39   417   407
   40   689   679
   41   624   614
   42   801   791
   43   323   313
   44   614   604
   45   911   901
   46   811   801
   47   506   496
   48   903   893
   49   360   350
   50   256   246
   51   131   121
   52    54    44
   53   805   795
   54   983   973
   55   627   617
   56   831   821
   57   449   439
   58    73    63
   59   114   104
   60   104    94
   61   805   795
   62   396   386
   63   151   141
   64   815   805
   65   535   525
   66   515   505
   67   424   414
   68   622   612
   69    55    45
   70   251   241
   71   772   762
   72   580   570
   73   759   749
   74   160   150
   75   528   518
   76   710   700
   77   647   637
   78   574   564
   79   986   976
   80   907   897
   81   426   416
   82   723   713
   83   533   523
   84   605   595
   85   257   247
   86    49    39
   87   769   759
   88   858   848
   89   426   416
   90   314   304
   91   654   644
   92   178   168
   93   405   395
   94   668   658
   95   389   379
   96   644   634
   97   226   216
   98   988   978
   99   667   657
  100   137   127
  101   802   792
  102   110   100
  103   507   497
  104    90    80
  105   944   934
  106   234   224
  107    15     5
  108   116   106
  109   980   970
  110   963   953
  111   667   657
  112   929   919
  113  1004   994
  114   234   224
  115   358   348
  116   339   329
  117   319   309
  118   879   869
  119   549   539
  120   346   336
  121   808   798
  122    55    45
  123   942   932
  124   245   235
  125   155   145
  126   281   271
  127   878   868
  128   549   539
  129   919   909
  130   522   512
  131   879   869
  132   444   434
  133   912   902
  134   776   766
  135   778   768
  136   821   811
  137   727   717
  138   780   770
  139   221   211
  140   125   115
  141   929   919
  142    88    78
  143   929   919
  144   414   404
  145   713   703
  146   480   470
  147   250   240
  148   989   979
  149   627   617
  150   710   700
  151   396   386
  152   897   887
  153   870   860
  154   445   435
  155   566   556
  156   732   722
  157   300   290
  158    23    13
  159   230   220
  160   631   621
  161   537   527
  162   386   376
  163    49    39
  164   989   979
  165   982   972
  166    13     3
  167   565   555
  168   697   687
  169   665   655
  170   824   814
  171   589   579
  172   892   882
  173   339   329
  174   433   423
  175   591   581
  176   198   188
  177   517   507
  178  1003   993
  179   166   156
  180   710   700
  181   472   462
  182   137   127
  183    56    46
  184   965   955
  185   176   166
  186   297   287
  187   675   665
  188   572   562
  189   875   865
  190   475   465
  191   936   926
  192   782   772
  193   228   218
  194   488   478
  195   908   898
  196   879   869
  197   503   493
  198   648   638
  199   815   805
  200   956   946
  201   872   862
  202   892   882
  203   627   617
  204   725   715
  205   765   755
  206   946   936
  207   147   137
  208   413   403
  209   236   226
  210   166   156
  211   213   203
  212    82    72
  213   986   976
  214   965   955
  215   110   100
  216   752   742
  217   338   328
  218   629   619
  219   208   198
  220   472   462
  221   894   884
  222   513   503
  223   706   696
  224   933   923
  225   252   242
  226   209   199
  227   644   634
  228   655   645
  229   272   262
  230   797   787
  231   830   820
  232    80    70
  233   922   912
  234    82    72
  235   116   106
  236   332   322
  237   108    98
  238   821   811
  239    72    62
  240    70    60
  241    35    25
  242   949   939
  243    92    82
  244   694   684
  245   943   933
  246   613   603
  247   658   648
  248   678   668
  249   864   854
  250   263   253
  251   490   480
  252   708   698
  253   183   173
  254   884   874
  255   807   797
  256   561   551
  257   886   876
  258   975   965
  259    70    60
  260   384   374
  261   157   147
  262   674   664
  263   788   778
  264   306   296
  265   386   376
  266   871   861
  267   827   817
  268    22    12
  269   180   170
  270   441   431
  271  1001   991
  272   575   565
  273   836   826
  274   932   922
  275   566   556
  276   965   955
  277   233   223
  278   670   660
  279    39    29
  280   989   979
  281    86    76
  282   337   327
  283   172   162
  284   372   362
  285    18     8
  286   553   543
  287   578   568
  288   183   173
  289   684   674
  290   335   325
  291   309   299
  292   726   716
  293   513   503
  294   336   326
  295   334   324
  296   662   652
  297   316   306
  298    48    38
  299   805   795
  300   454   444
  301   792   782
  302   944   934
  303   748   738
  304   970   960
  305   661   651
  306   983   973
  307   127   117
  308   739   729
  309   149   139
  310   764   754
  311   971   961
  312   847   837
  313   937   927
  314   657   647
  315   778   768
  316   492   482
  317   413   403
  318   835   825
  319   768   758
  320   992   982
  321   580   570
  322   254   244
  323   606   596
  324   917   907
  325    73    63
  326   733   723
  327    81    71
  328   704   694
  329   244   234
  330   904   894
  331   805   795
  332   288   278
  333   766   756
  334   718   708
  335   531   521
  336   707   697
  337   297   287
  338   545   535
  339   620   610
  340   340   330
  341    46    36
  342   874   864
  343   753   743
  344   281   271
  345   228   218
  346   833   823
  347    25    15
  348   425   415
  349   602   592
  350   118   108
  351    54    44
  352    91    81
  353   113   103
  354   310   300
  355   284   274
  356   129   119
  357   609   599
  358    93    83
  359   391   381
  360   180   170
  361   246   236
  362   154   144
  363  1000   990
  364   257   247
  365   231   221
  366   472   462
  367   883   873
  368   264   254
  369   948   938
  370   984   974
  371   424   414
  372   877   867
  373   569   559
  374   260   250
  375   908   898
  376    95    85
  377   651   641
  378   551   541
  379   428   418
  380   542   532
  381   725   715
  382   672   662
  383   958   948
  384   723   713
  385   255   245
  386   533   523
  387    11     1
  388   807   797
  389   940   930
  390   547   537
  391   973   963
  392   701   691
  393   231   221
  394   820   810
  395   137   127
  396   315   305
  397   266   256
  398   570   560
  399   752   742
  400   627   617
  401   402   392
  402   231   221
  403   712   702
  404   361   351
  405   794   784
  406   535   525
  407   602   592
  408    37    27
  409   930   920
  410   813   803
  411   760   750
  412   712   702
  413   411   401
  414   626   616
  415   605   595
  416   579   569
  417   482   472
  418   373   363
  419   456   446
  420   506   496
  421   367   357
  422   516   506
  423   399   389
  424   456   446
  425   810   800
  426   592   582
  427   852   842
  428   164   154
  429   873   863
  430   599   589
  431   998   988
  432   114   104
  433   639   629
  434   970   960
  435    23    13
  436   596   586
  437   340   330
  438    55    45
  439   653   643
  440   638   628
  441   933   923
  442   889   879
  443   200   190
  444   426   416
  445   960   950
  446   627   617
  447   463   453
  448   288   278
  449   975   965
  450   908   898
  451   175   165
  452   935   925
  453   222   212
  454   451   441
  455   136   126
  456    97    87
  457   818   808
  458   108    98
  459   774   764
  460   960   950
  461   128   118
  462   555   545
  463   793   783
  464   574   564
  465   312   302
  466   701   691
  467   745   735
  468   659   649
  469    52    42
  470   751   741
  471   163   153
  472   664   654
  473   696   686
  474   310   300
  475   152   142
  476   792   782
  477    80    70
  478    21    11
  479   568   558
  480    94    84
  481   472   462
  482   404   394
  483   722   712
  484   440   430
  485   772   762
  486   509   499
  487   510   500
  488    35    25
  489   477   467
  490   299   289
  491    90    80
  492    97    87
  493   549   539
  494   259   249
  495   877   867
  496   526   516
  497   439   429
  498   468   458
  499   731   721
  500   497   487
170351
