500
    1    34    24
    2    57    47
    3    31    21
    4    43    33
    5    21    11
    6    35    25
    7    18     8
    8    19     9
    9    45    35
   10    24    14
   11    52    42
   12    58    48
   13    20    10
   14    44    34
   15    30    20
   16    14     4
   17    44    34
   18    55    45
   19    49    39
   20    53    43
   21    16     6
   22    60    50
   23    26    16
   24    42    32
   25    29    19
   26    22    12
   27    49    39
   28    45    35
   29    43    33
   30    46    36
   31    37    27
   32    19     9
   33    56    46
   34    45    35
   35    21    11
   36    59    49
   37    38    28
   38    37    27
   39    43    33
   40    26    16
   41    36    26
   42    14     4
   43    14     4
   44    40    30
   45    39    29
   46    37    27
   47    49    39
   48    39    29
   49    17     7
   50    30    20
   51    37    27
   52    13     3
   53    43    33
   54    17     7
   55    36    26
   56    30    20
   57    34    24
   58    33    23
   59    22    12
   60    37    27
   61    56    46
   62    50    40
   63    30    20
   64    35    25
   65    42    32
   66    49    39
   67    26    16
   68    16     6
   69    55    45
   70    40    30
   71    20    10
   72    14     4
   73    33    23
   74    56    46
   75    45    35
   76    54    44
   77    33    23
   78    11     1
   79    27    17
   80    36    26
   81    18     8
   82    27    17
   83    48    38
   84    28    18
   85    49    39
   86    12     2
   87    30    20
   88    24    14
   89    58    48
   90    49    39
   91    55    45
   92    56    46
   93    36    26
   94    19     9
   95    36    26
   96    27    17
   97    48    38
   98    19     9
   99    23    13
  100    40    30
  101    35    25
  102    54    44
  103    11     1
  104    43    33
  105    22    12
  106    24    14
  107    45    35
  108    28    18
  109    59    49
  110    29    19
  111    32    22
  112    55    45
  113    36    26
  114    47    37
  115    49    39
  116    21    11
  117    27    17
  118    25    15
  119    33    23
  120    22    12
  121    37    27
  122    57    47
  123    43    33
  124    55    45
  125    22    12
  126    54    44
  127    21    11
  128    52    42
  129    54    44
  130    39    29
  131    15     5
  132    30    20
  133    19     9
  134    50    40
  135    51    41
  136    26    16
  137    29    19
  138    21    11
  139    50    40
  140    36    26
  141    30    20
  142    32    22
  143    32    22
  144    40    30
  145    15     5
  146    12     2
  147    32    22
  148    50    40
  149    38    28
  150    37    27
  151    31    21
  152    13     3
  153    47    37
  154    29    19
  155    40    30
  156    54    44
  157    49    39
  158    27    17
  159    11     1
  160    54    44
  161    32    22
  162    24    14
  163    40    30
  164    59    49
  165    21    11
  166    38    28
  167    24    14
  168    57    47
  169    24    14
  170    26    16
  171    18     8
  172    39    29
  173    16     6
  174    49    39
  175    45    35
  176    58    48
  177    29    19
  178    25    15
  179    50    40
  180    19     9
  181    39    29
  182    47    37
  183    51    41
  184    12     2
  185    31    21
  186    46    36
  187    54    44
  188    51    41
  189    19     9
  190    55    45
  191    28    18
  192    39    29
  193    54    44
  194    26    16
  195    35    25
  196    47    37
  197    39    29
  198    49    39
  199    27    17
  200    15     5
  201    26    16
  202    51    41
  203    31    21
  204    18     8
  205    37    27
  206    53    43
  207    23    13
  208    44    34
  209    44    34
  210    20    10
  211    29    19
  212    30    20
  213    56    46
  214    49    39
  215    13     3
  216    57    47
  217    15     5
  218    45    35
  219    54    44
  220    43    33
  221    49    39
  222    40    30
  223    16     6
  224    25    15
  225    40    30
  226    60    50
  227    58    48
  228    14     4
  229    56    46
  230    39    29
  231    29    19
  232    56    46
  233    38    28
  234    38    28
  235    46    36
  236    36    26
  237    40    30
  238    27    17
  239    55    45
  240    32    22
  241    54    44
  242    42    32
  243    35    25
  244    55    45
  245    42    32
  246    57    47
  247    53    43
  248    14     4
  249    14     4
  250    60    50
  251    49    39
  252    13     3
  253    58    48
  254    17     7
  255    38    28
  256    47    37
  257    17     7
  258    48    38
  259    44    34
  260    29    19
  261    60    50
  262    59    49
  263    32    22
  264    52    42
  265    47    37
  266    49    39
  267    29    19
  268    11     1
  269    15     5
  270    20    10
  271    57    47
  272    22    12
  273    48    38
  274    31    21
  275    13     3
  276    32    22
  277    54    44
  278    46    36
  279    21    11
  280    54    44
  281    40    30
  282    39    29
  283    41    31
  284    35    25
  285    44    34
  286    18     8
  287    46    36
  288    52    42
  289    24    14
  290    19     9
  291    49    39
  292    25    15
  293    21    11
  294    58    48
  295    14     4
  296    42    32
  297    59    49
  298    57    47
  299    23    13
  300    51    41
  301    48    38
  302    53    43
  303    25    15
  304    17     7
  305    40    30
  306    60    50
  307    51    41
  308    40    30
  309    34    24
  310    31    21
  311    43    33
  312    41    31
  313    45    35
  314    42    32
  315    56    46
  316    40    30
  317    30    20
  318    38    28
  319    46    36
  320    38    28
  321    54    44
  322    17     7
  323    21    11
  324    34    24
  325    57    47
  326    15     5
  327    28    18
  328    18     8
  329    44    34
  330    33    23
  331    45    35
  332    32    22
  333    49    39
  334    28    18
  335    22    12
  336    17     7
  337    56    46
  338    31    21
  339    36    26
  340    56    46
  341    21    11
  342    23    13
  343    42    32
  344    21    11
  345    43    33
  346    37    27
  347    24    14
  348    55    45
  349    41    31
  350    26    16
  351    45    35
  352    27    17
  353    45    35
  354    54    44
  355    32    22
  356    49    39
  357    19     9
  358    41    31
  359    44    34
  360    27    17
  361    46    36
  362    20    10
  363    35    25
  364    16     6
  365    43    33
  366    26    16
  367    39    29
  368    52    42
  369    11     1
  370    60    50
  371    60    50
  372    18     8
  373    27    17
  374    60    50
  375    26    16
  376    35    25
  377    16     6
  378    58    48
  379    34    24
  380    54    44
  381    45    35
  382    19     9
  383    49    39
  384    12     2
  385    57    47
  386    32    22
  387    13     3
  388    47    37
  389    34    24
  390    45    35
  391    30    20
  392    12     2
  393    32    22
  394    59    49
  395    18     8
  396    17     7
  397    19     9
  398    21    11
  399    36    26
  400    43    33
  401    49    39
  402    23    13
  403    13     3
  404    40    30
  405    29    19
  406    31    21
  407    47    37
  408    45    35
  409    11     1
  410    55    45
  411    43    33
  412    19     9
  413    29    19
  414    14     4
  415    28    18
  416    54    44
  417    32    22
  418    19     9
  419    58    48
  420    50    40
  421    49    39
  422    20    10
  423    28    18
  424    60    50
  425    51    41
  426    20    10
  427    21    11
  428    16     6
  429    36    26
  430    16     6
  431    46    36
  432    11     1
  433    33    23
  434    54    44
  435    60    50
  436    50    40
  437    36    26
  438    16     6
  439    27    17
  440    22    12
  441    50    40
  442    40    30
  443    25    15
  444    33    23
  445    40    30
  446    12     2
  447    48    38
  448    17     7
  449    56    46
  450    15     5
  451    56    46
  452    48    38
  453    24    14
  454    41    31
  455    36    26
  456    38    28
  457    12     2
  458    49    39
  459    17     7
  460    21    11
  461    58    48
  462    11     1
  463    23    13
  464    34    24
  465    35    25
  466    39    29
  467    29    19
  468    60    50
  469    14     4
  470    16     6
  471    30    20
  472    29    19
  473    14     4
  474    41    31
  475    30    20
  476    17     7
  477    15     5
  478    20    10
  479    59    49
  480    59    49
  481    52    42
  482    52    42
  483    48    38
  484    44    34
  485    40    30
  486    31    21
  487    22    12
  488    55    45
  489    43    33
  490    48    38
  491    51    41
  492    53    43
  493    24    14
  494    33    23
  495    50    40
  496    26    16
  497    31    21
  498    16     6
  499    19     9
  500    44    34
6512
