100
    1     2     4
    2    45    48
    3    62    54
    4    64    63
    5    32    28
    6    97    94
    7     1     1
    8     8     8
    9    67    69
   10    60    70
   11    12     8
   12    76    83
   13    88    96
   14    25    16
   15    67    61
   16     5     1
   17    72    81
   18    93    96
   19   103    97
   20    62    58
   21    47    37
   22    49    44
   23    49    56
   24    40    31
   25    74    65
   26    36    32
   27    61    70
   28    30    36
   29    15    10
   30    66    71
   31    89    98
   32    90   100
   33    49    40
   34    19    17
   35    49    44
   36     1     9
   37    42    48
   38    49    53
   39    67    60
   40    54    59
   41    56    51
   42     6     2
   43    20    30
   44    31    34
   45    36    31
   46    48    47
   47    51    58
   48    26    26
   49    65    59
   50    64    68
   51    14     7
   52    62    52
   53    94    89
   54    54    64
   55    85    81
   56    78    88
   57    19     9
   58    35    31
   59    81    72
   60    46    54
   61    11     9
   62    81    87
   63    83    80
   64     8     3
   65    82    80
   66    44    40
   67    74    65
   68    23    15
   69    23    20
   70    80    70
   71    13    22
   72    75    78
   73     5     6
   74    12     3
   75    87    92
   76    50    57
   77    12    15
   78    56    51
   79    46    37
   80    77    83
   81    58    66
   82    12    22
   83   107    99
   84    19    22
   85    33    26
   86    35    38
   87    94    84
   88    48    40
   89    25    30
   90    78    75
   91   106    97
   92    95    89
   93    69    77
   94    62    72
   95   101   100
   96    67    57
   97    10    17
   98    49    53
   99    69    64
  100    28    28
1679
