500
    1    79    74
    2    77    71
    3    58    61
    4    64    58
    5    36    35
    6    86    92
    7    59    60
    8    74    70
    9    87    84
   10    82    89
   11     7     6
   12    65    66
   13    21    19
   14    48    39
   15    89    83
   16    33    27
   17    89    96
   18    14    11
   19    27    28
   20    43    33
   21    86    76
   22    58    54
   23    85    79
   24    95    89
   25     1     7
   26    19    27
   27    27    33
   28    32    26
   29    17    24
   30    63    62
   31   100    96
   32    68    70
   33    81    82
   34    20    16
   35    92    95
   36    62    60
   37    29    23
   38    40    35
   39    18    23
   40     9    17
   41    60    58
   42    83    88
   43    86    89
   44    18    20
   45    99    98
   46    53    45
   47    70    76
   48    76    76
   49    46    38
   50    60    63
   51    30    25
   52    61    51
   53     6    12
   54    31    35
   55   100    99
   56    21    22
   57    77    76
   58    86    89
   59    62    67
   60    79    73
   61    37    27
   62    26    33
   63    64    62
   64    61    61
   65    87    94
   66    46    55
   67    67    59
   68    35    41
   69    21    19
   70    49    40
   71    19    20
   72    78    72
   73     5     5
   74    18    22
   75    80    78
   76    72    71
   77    29    37
   78    37    30
   79    46    39
   80     1     1
   81    69    72
   82    72    80
   83    65    61
   84    70    64
   85    63    64
   86    13     8
   87     8     6
   88    37    35
   89    63    69
   90    84    90
   91    72    79
   92    99    91
   93    68    71
   94   101    94
   95    61    59
   96    70    68
   97    48    44
   98    75    75
   99    79    79
  100    63    67
  101     6    16
  102    62    71
  103    69    77
  104    65    63
  105    80    84
  106    62    69
  107    52    46
  108    62    53
  109     1     5
  110    40    44
  111    84    89
  112     1     6
  113    80    80
  114    38    48
  115    94    96
  116    68    69
  117    87    78
  118    26    36
  119    85    80
  120   105    95
  121    86    94
  122    74    75
  123    72    82
  124    92    93
  125     1     4
  126    98    89
  127    99    98
  128    80    78
  129    50    57
  130    29    34
  131    94   100
  132    81    72
  133    40    37
  134    20    19
  135    47    55
  136    91    97
  137    96    88
  138    58    53
  139    36    44
  140     8    11
  141    29    30
  142    32    31
  143    42    34
  144    76    86
  145    62    64
  146    79    89
  147    69    61
  148    53    54
  149    90    99
  150    12    13
  151    79    88
  152    15    15
  153    81    80
  154    97    91
  155    21    24
  156    82    83
  157    77    85
  158    54    46
  159    10    20
  160    31    36
  161    43    44
  162    57    61
  163    96    97
  164    65    68
  165    79    84
  166    83    85
  167    90    89
  168    69    62
  169    88    96
  170    73    76
  171    61    61
  172    26    32
  173    85    83
  174    62    64
  175    81    81
  176    75    85
  177    79    85
  178    69    72
  179     3     9
  180    24    34
  181    87    86
  182    71    75
  183    83    83
  184    76    79
  185    57    51
  186   103   100
  187    24    17
  188     6    16
  189     9     6
  190    15    24
  191    92    85
  192    88    89
  193    43    47
  194     8     3
  195    34    24
  196    12    20
  197    30    22
  198    16     8
  199    15     9
  200    70    76
  201    91    89
  202     1     3
  203    61    69
  204    44    37
  205     7     1
  206    89    83
  207    18    19
  208    60    68
  209    14    22
  210    56    48
  211    40    39
  212    12    18
  213    46    41
  214    16    11
  215    71    76
  216    78    86
  217    29    23
  218    60    50
  219    75    76
  220    26    17
  221    31    40
  222    12    15
  223    76    80
  224    48    38
  225    49    46
  226    46    46
  227    13    14
  228    82    76
  229     4     2
  230    53    57
  231    54    48
  232    13    13
  233    70    75
  234    73    69
  235     8     4
  236    66    70
  237    14     4
  238    30    20
  239    49    55
  240   100    99
  241    88    92
  242    45    38
  243    89    80
  244    62    62
  245    43    33
  246    48    41
  247    59    64
  248    34    40
  249    72    71
  250    69    59
  251    67    73
  252    67    73
  253    42    43
  254    15    20
  255     1     2
  256    61    51
  257    15     7
  258    17    23
  259    52    54
  260    16    23
  261     3     6
  262    39    48
  263    57    53
  264    79    77
  265    90    86
  266   101   100
  267    90    85
  268    14    22
  269    29    35
  270    72    66
  271    29    26
  272    54    50
  273    79    82
  274    64    57
  275   107   100
  276     2     5
  277    24    29
  278    43    53
  279    67    75
  280    77    71
  281    50    43
  282    54    61
  283    94    94
  284    22    13
  285    18    19
  286    20    15
  287    18    22
  288   102    99
  289    81    83
  290    29    25
  291    63    53
  292    34    42
  293    64    67
  294     7     4
  295    53    61
  296     5     1
  297    72    73
  298    95    85
  299    65    72
  300    51    58
  301    15     7
  302     9     5
  303    99   100
  304   104    96
  305    98    90
  306    12     2
  307    50    46
  308    71    64
  309    68    78
  310    61    54
  311    24    24
  312    48    49
  313     9     5
  314    28    24
  315    71    72
  316    77    81
  317    49    51
  318    16    12
  319     2     5
  320    92    87
  321     1     5
  322    86    77
  323    48    46
  324    24    33
  325    27    24
  326    12     2
  327    42    32
  328   100    97
  329    28    32
  330    11    19
  331    16    18
  332    51    50
  333    65    63
  334    23    23
  335     8    12
  336    45    46
  337    89    81
  338    19    25
  339    89    91
  340    76    82
  341    12     8
  342    43    45
  343    80    80
  344    49    39
  345    13    23
  346    54    61
  347    12    18
  348    41    40
  349   110   100
  350    40    42
  351    47    47
  352    61    59
  353     1     7
  354    25    31
  355    77    83
  356    43    51
  357    61    66
  358    44    54
  359    49    49
  360    82    85
  361    25    24
  362     2     7
  363    41    35
  364    26    29
  365    55    52
  366    49    58
  367    62    59
  368    72    75
  369    10    14
  370    80    85
  371    33    42
  372    44    52
  373    51    50
  374    79    85
  375    46    47
  376    84    80
  377    34    37
  378    14    24
  379    89    82
  380    14    23
  381   102    97
  382    58    50
  383    57    59
  384    24    18
  385    45    38
  386     9     6
  387    12    14
  388    11     5
  389    16    20
  390    37    27
  391    82    85
  392    62    60
  393    25    21
  394    92    85
  395    90    83
  396     1     8
  397    56    62
  398    79    86
  399    86    89
  400    12    20
  401    55    63
  402    91    92
  403    12    20
  404    44    42
  405    65    61
  406    94    91
  407    58    56
  408    72    65
  409    33    25
  410   101    97
  411     1     5
  412    12    10
  413    72    79
  414   100    95
  415    48    50
  416     1     5
  417     1     9
  418    49    59
  419    35    43
  420    65    70
  421    25    20
  422    21    13
  423    67    72
  424    93    98
  425     1     3
  426    91    88
  427    49    57
  428    53    46
  429    24    25
  430   104    96
  431    70    77
  432    96    92
  433    19    12
  434    52    47
  435    88    85
  436    74    83
  437    21    12
  438    35    30
  439    66    72
  440     8     1
  441   102    92
  442    14    11
  443    44    54
  444    92   100
  445    95    98
  446    16    22
  447    74    67
  448    23    27
  449    92    85
  450    55    61
  451     2     7
  452     3     4
  453     9    11
  454     5     2
  455    91    89
  456     8     5
  457    89    85
  458    10     5
  459    54    54
  460    38    44
  461    17    20
  462    87    96
  463   104   100
  464    45    45
  465    17    27
  466    99    96
  467   102    97
  468    87    84
  469    45    41
  470    50    48
  471    74    67
  472    53    61
  473    73    65
  474    52    54
  475     2     6
  476    66    74
  477    34    29
  478    37    43
  479    67    63
  480    67    77
  481     4    14
  482    74    81
  483    39    34
  484    82    92
  485    92   100
  486    48    44
  487    18    13
  488    85    91
  489    24    32
  490    76    71
  491    83    81
  492    43    46
  493    12     3
  494    66    74
  495    21    25
  496    59    57
  497    96    98
  498    14     7
  499    61    63
  500    50    45
13048
