100
    1    55    45
    2   109    99
    3   103    93
    4   106    96
    5    77    67
    6    39    29
    7   110   100
    8    75    65
    9    51    41
   10    33    23
   11   101    91
   12    12     2
   13    80    70
   14   109    99
   15    91    81
   16    11     1
   17    56    46
   18   106    96
   19    69    59
   20    14     4
   21    67    57
   22    14     4
   23   110   100
   24    30    20
   25   103    93
   26    18     8
   27    71    61
   28    37    27
   29    16     6
   30    58    48
   31    64    54
   32    27    17
   33    20    10
   34    21    11
   35    35    25
   36    25    15
   37    68    58
   38    30    20
   39    17     7
   40    89    79
   41    24    14
   42   101    91
   43    23    13
   44    14     4
   45    11     1
   46    11     1
   47   106    96
   48   103    93
   49    60    50
   50    56    46
   51    31    21
   52    54    44
   53   105    95
   54    83    73
   55    27    17
   56    31    21
   57    49    39
   58    73    63
   59    14     4
   60   104    94
   61   105    95
   62    96    86
   63    51    41
   64    15     5
   65    35    25
   66    15     5
   67    24    14
   68    22    12
   69    55    45
   70    51    41
   71    72    62
   72    80    70
   73    59    49
   74    60    50
   75    28    18
   76   110   100
   77    47    37
   78    74    64
   79    86    76
   80   107    97
   81    26    16
   82    23    13
   83    33    23
   84   105    95
   85    57    47
   86    49    39
   87    69    59
   88    58    48
   89    26    16
   90    14     4
   91    54    44
   92    78    68
   93   105    95
   94    68    58
   95    89    79
   96    44    34
   97    26    16
   98    88    78
   99    67    57
  100    37    27
3143
