500
    1   208   204
    2   469   448
    3   698   654
    4   867   863
    5   896   928
    6   330   294
    7   875   801
    8   620   608
    9   731   769
   10   144    70
   11    18     8
   12   230   183
   13   628   696
   14   706   616
   15   591   561
   16   868   801
   17   535   481
   18   324   396
   19  1060   997
   20   462   458
   21   648   737
   22   867   844
   23   571   656
   24   331   331
   25   447   465
   26   109   132
   27    73    70
   28   573   636
   29   794   810
   30   259   171
   31   431   398
   32   880   800
   33   279   240
   34   601   617
   35   659   744
   36    75   109
   37   493   448
   38   606   553
   39   203   160
   40    93    59
   41   444   451
   42   900   902
   43   816   730
   44   535   634
   45   823   731
   46    75    47
   47   318   358
   48   496   526
   49   629   659
   50   727   668
   51   553   507
   52   695   652
   53   303   289
   54   427   464
   55   555   581
   56   674   588
   57   958   909
   58   116    31
   59   382   472
   60    13    54
   61   307   209
   62    30    87
   63   240   180
   64   260   303
   65   933   880
   66   850   840
   67   399   465
   68    60   115
   69   741   720
   70   235   270
   71   743   722
   72   306   378
   73   833   906
   74   752   803
   75   794   892
   76   571   557
   77   582   615
   78   634   551
   79   825   837
   80   252   183
   81   786   866
   82    34   122
   83   697   599
   84   341   422
   85   176   226
   86    86    38
   87   237   284
   88   573   640
   89   646   630
   90   745   775
   91   422   497
   92   531   489
   93   951   977
   94   556   572
   95   755   700
   96     1    57
   97    44   117
   98   951   853
   99   299   264
  100   167   128
  101   952   921
  102  1043   972
  103   425   398
  104   347   388
  105   212   141
  106    75   134
  107    79   115
  108   405   455
  109    58    35
  110   774   737
  111   875   895
  112   177   163
  113   657   669
  114   266   309
  115   475   377
  116   615   567
  117   124    43
  118   625   565
  119   342   261
  120  1028   929
  121   652   564
  122   846   917
  123   315   232
  124   609   539
  125   645   553
  126   919   851
  127    19    24
  128   942   960
  129   520   591
  130     1    55
  131   358   406
  132   961   965
  133   636   547
  134   105    20
  135   392   293
  136   713   802
  137   201   149
  138   669   703
  139   564   466
  140   869   840
  141   780   783
  142   369   301
  143   217   211
  144    14    51
  145   747   653
  146   625   630
  147   877   970
  148    45    31
  149   633   645
  150   921   830
  151   421   393
  152   753   741
  153   302   262
  154   474   464
  155   989   910
  156   143   204
  157   977   890
  158   759   771
  159   132    38
  160    32   113
  161   866   965
  162   110   175
  163   731   730
  164   938   866
  165   288   285
  166   889   974
  167   343   375
  168   351   252
  169   807   754
  170   833   893
  171   794   735
  172   808   722
  173   446   397
  174   544   562
  175  1054   971
  176   461   527
  177   623   666
  178   488   517
  179   960   866
  180   680   688
  181   134    87
  182   124   161
  183   522   544
  184   273   284
  185   923   965
  186   502   585
  187   403   474
  188   748   781
  189   275   372
  190     1    29
  191   202   102
  192   835   831
  193   625   696
  194   572   604
  195   830   917
  196    17    78
  197   270   224
  198   591   690
  199   847   763
  200   795   809
  201   787   835
  202   379   353
  203   698   755
  204   574   483
  205   941   931
  206   519   617
  207   420   436
  208   576   590
  209   532   571
  210   142    49
  211   895   920
  212   913   848
  213   534   531
  214   610   581
  215   804   890
  216   745   783
  217   303   216
  218   774   688
  219   220   173
  220   462   542
  221    13   110
  222   556   489
  223   972   961
  224   593   672
  225   441   528
  226   690   776
  227     1    15
  228   854   777
  229   791   843
  230   164   103
  231   572   577
  232   909   842
  233   720   649
  234   404   354
  235   135   213
  236   366   436
  237   774   721
  238    17    49
  239   795   793
  240   737   641
  241   606   673
  242   368   315
  243  1078   997
  244   835   871
  245   471   398
  246   231   155
  247   697   638
  248   624   614
  249    91   112
  250   606   596
  251    24     7
  252   467   511
  253   437   449
  254   936   878
  255    49   103
  256   247   269
  257   633   676
  258   573   616
  259   327   231
  260   539   533
  261   157   159
  262    38    37
  263   171   107
  264    17     7
  265   162   171
  266  1001   954
  267   168   142
  268   597   692
  269   945   929
  270   552   499
  271   626   600
  272   548   639
  273  1030   940
  274   527   499
  275   979   913
  276   476   558
  277   902   859
  278   546   554
  279   469   533
  280   347   280
  281  1003   925
  282   744   806
  283   851   847
  284   635   615
  285   773   788
  286    87   101
  287   537   607
  288   952   949
  289   528   613
  290   230   215
  291   764   694
  292    53   104
  293    80    76
  294   339   390
  295   392   423
  296   248   335
  297   637   706
  298   183   174
  299   803   854
  300   472   484
  301   127   176
  302   652   607
  303   845   754
  304   448   545
  305   945   955
  306   548   472
  307   651   659
  308   586   525
  309   812   864
  310   331   283
  311   740   750
  312   458   430
  313   979   990
  314   578   542
  315   261   358
  316   499   582
  317    95   153
  318   630   645
  319   130    34
  320    43    33
  321    30    74
  322    37    43
  323   238   308
  324   419   322
  325   887   817
  326   927   943
  327   665   726
  328   514   587
  329   234   294
  330   893   993
  331   681   660
  332   794   747
  333   350   329
  334    90   108
  335   492   414
  336   608   655
  337    77    23
  338     1     3
  339   377   300
  340    80   124
  341   696   749
  342   571   478
  343   891   874
  344   177   248
  345   436   396
  346    72    75
  347   449   532
  348     1    30
  349   485   541
  350    32    71
  351  1021   984
  352   610   576
  353   945   908
  354   814   796
  355   131    40
  356   759   773
  357     1    47
  358   668   731
  359   174   135
  360   365   330
  361    88   142
  362   836   753
  363   357   281
  364   208   138
  365   272   250
  366   456   547
  367   333   253
  368    53    32
  369   776   831
  370   948   875
  371   484   540
  372   138    50
  373   770   748
  374   549   490
  375   578   616
  376   982   997
  377   134   159
  378   351   366
  379   336   248
  380   100   125
  381   760   731
  382   361   299
  383   310   216
  384   907   843
  385     5    19
  386   649   739
  387   429   363
  388   940   846
  389   692   774
  390   841   784
  391   634   563
  392   104    61
  393   942   971
  394   470   566
  395   628   628
  396   602   681
  397  1053   996
  398   285   196
  399   132    94
  400    51   149
  401   100   140
  402   600   569
  403   438   442
  404   281   327
  405   798   818
  406   997   920
  407   407   378
  408   582   646
  409   365   326
  410   177   206
  411   328   283
  412   521   443
  413   821   745
  414   903   865
  415   169    91
  416  1038   986
  417   538   631
  418   871   776
  419   951   900
  420   840   896
  421   706   757
  422   482   503
  423  1018   977
  424   345   404
  425   416   508
  426   609   609
  427   488   558
  428   302   256
  429   541   510
  430  1081   998
  431   264   339
  432   835   902
  433   963   974
  434   233   205
  435   357   415
  436   478   445
  437   913   986
  438   746   784
  439    29    86
  440   145   179
  441   576   626
  442   132    36
  443   297   284
  444   341   330
  445    30   127
  446   228   144
  447   786   809
  448   250   173
  449   109   167
  450   725   675
  451   711   805
  452   785   761
  453   550   477
  454   670   751
  455   183    98
  456   242   166
  457     1    67
  458   756   698
  459   398   423
  460   865   830
  461   645   641
  462   307   314
  463   897   889
  464    98   130
  465     3    76
  466   103   102
  467   454   458
  468   918   866
  469  1045   994
  470   563   609
  471   865   820
  472  1011   987
  473   158   154
  474   793   856
  475   598   660
  476   313   351
  477   727   647
  478    56    24
  479   581   617
  480   334   259
  481   724   635
  482   592   499
  483   241   227
  484   417   506
  485   711   661
  486   303   233
  487   194   190
  488   223   252
  489   578   509
  490   646   705
  491   325   239
  492   281   363
  493   719   661
  494   943   983
  495   848   939
  496   411   402
  497   592   631
  498   511   549
  499  1051   972
  500  1069   990
84962
