500
    1    39    35
    2    30    26
    3    52    48
    4    26    21
    5    27    22
    6    48    45
    7    44    43
    8    42    45
    9    10     5
   10     1     2
   11     6     9
   12     6     1
   13    18    22
   14    40    44
   15    38    38
   16    22    24
   17    11    15
   18    29    32
   19    22    17
   20    32    34
   21    54    49
   22    31    33
   23    36    32
   24    17    22
   25    25    24
   26    36    38
   27     3     6
   28    47    45
   29    50    45
   30    29    29
   31    48    49
   32    24    27
   33    44    47
   34    17    19
   35    47    42
   36    12     7
   37    22    22
   38    20    20
   39    52    48
   40    47    50
   41    41    45
   42    15    17
   43    24    22
   44    43    45
   45     8    13
   46    46    48
   47    38    37
   48    22    23
   49    27    29
   50    28    24
   51    35    40
   52     5     4
   53    13    17
   54    41    46
   55    11    10
   56     6     3
   57    45    41
   58    22    24
   59    25    30
   60    36    38
   61    35    40
   62    36    40
   63    52    49
   64    51    46
   65    11    15
   66    26    28
   67    18    20
   68    31    36
   69    17    22
   70     1     1
   71    19    23
   72    31    31
   73    13     8
   74    31    35
   75     8     3
   76    42    42
   77    40    42
   78    30    25
   79    33    36
   80    12    12
   81     9     9
   82    11    13
   83    40    38
   84    25    29
   85    41    37
   86    19    19
   87    12    11
   88    46    46
   89    47    42
   90     6    11
   91    13    14
   92    31    36
   93    29    30
   94    46    49
   95    48    44
   96    49    49
   97    42    41
   98    28    30
   99    50    48
  100    39    40
  101    30    25
  102    23    26
  103    17    22
  104    15    16
  105     1     1
  106    45    48
  107    40    35
  108    10     6
  109     9    14
  110    37    33
  111    47    50
  112    26    21
  113    12     7
  114    19    23
  115     9    11
  116    15    16
  117     4     9
  118    48    45
  119    43    43
  120    17    12
  121    38    35
  122     8    10
  123    30    31
  124    32    34
  125     1     3
  126    15    10
  127    49    49
  128    45    41
  129    27    22
  130    23    27
  131    12     9
  132    12     7
  133     6     8
  134    17    20
  135    31    30
  136     4     8
  137    13    11
  138    49    50
  139    39    39
  140    20    22
  141    36    35
  142    25    20
  143    39    39
  144    21    19
  145    47    43
  146    19    22
  147    31    28
  148    14    11
  149    42    38
  150    46    48
  151    52    47
  152    21    16
  153    40    41
  154    37    38
  155    40    45
  156    28    26
  157    50    46
  158    52    49
  159     2     5
  160    47    43
  161    34    37
  162    45    40
  163    15    14
  164    14    15
  165    32    35
  166     9    14
  167    14    10
  168    48    43
  169    13    13
  170     8     9
  171     7    10
  172     9    11
  173    13    12
  174    14     9
  175    15    10
  176    22    18
  177    48    48
  178    19    15
  179    31    26
  180    41    41
  181    44    39
  182    49    44
  183     6     6
  184    39    40
  185    23    28
  186    26    21
  187    29    32
  188    45    49
  189    35    37
  190    39    37
  191    26    22
  192    24    22
  193    45    48
  194     4     6
  195     8    11
  196    34    35
  197    27    25
  198    24    23
  199    13    14
  200    47    43
  201    27    32
  202     1     2
  203    36    40
  204    27    26
  205    16    12
  206     1     2
  207     6     4
  208    12    11
  209    26    23
  210     1     3
  211    46    50
  212    22    27
  213    17    20
  214     4     2
  215     7     3
  216    31    31
  217    13    10
  218    27    25
  219    18    19
  220    16    18
  221    26    27
  222    16    12
  223    40    41
  224    10     5
  225     5     7
  226     1     5
  227    21    17
  228    25    29
  229    37    35
  230    44    46
  231     8     7
  232    26    24
  233    24    22
  234    36    40
  235    30    25
  236     6     1
  237    38    41
  238    23    27
  239    34    30
  240    36    32
  241     1     3
  242    40    43
  243    20    15
  244    28    33
  245    15    14
  246    11    16
  247    10    13
  248    42    37
  249     5     6
  250    37    34
  251    45    40
  252    49    50
  253     8     6
  254    40    37
  255     7     5
  256    34    34
  257    50    48
  258    13    10
  259     8     9
  260    38    40
  261     8    11
  262    27    29
  263     5    10
  264    36    38
  265    13     9
  266     5     7
  267    54    50
  268     8    13
  269    18    20
  270    35    33
  271    26    23
  272    31    27
  273    46    47
  274    45    40
  275    24    27
  276     8    10
  277    42    40
  278    12     8
  279    35    40
  280    41    40
  281    10     6
  282     5     2
  283     1     1
  284    12    14
  285    10    10
  286    35    36
  287    39    43
  288    53    50
  289    47    44
  290     3     6
  291    41    36
  292    17    15
  293    41    36
  294    26    23
  295    39    34
  296    20    18
  297    45    40
  298    15    12
  299    42    37
  300    12     9
  301    47    46
  302     9    10
  303    12     7
  304    46    45
  305    18    21
  306    41    41
  307    26    21
  308    37    37
  309     1     1
  310    16    15
  311    29    27
  312     7    12
  313    26    24
  314     8     9
  315    44    43
  316    40    36
  317     8     6
  318    25    29
  319    12    16
  320    26    30
  321    48    46
  322    13     8
  323    14    19
  324    10    12
  325     6    11
  326    37    35
  327    18    17
  328    28    26
  329     5     5
  330    19    18
  331     7     3
  332    46    47
  333    43    46
  334    50    46
  335    17    15
  336    18    15
  337    17    12
  338    34    30
  339     5     8
  340    10    15
  341    46    41
  342     9    14
  343    14    15
  344     3     6
  345    25    22
  346    36    36
  347    45    43
  348    17    19
  349    39    35
  350     1     1
  351    27    22
  352    43    44
  353    15    10
  354    15    10
  355    49    50
  356    51    46
  357    25    29
  358     8     9
  359    24    20
  360    26    26
  361    11     9
  362    46    48
  363    21    24
  364    44    48
  365    47    49
  366    32    35
  367    41    46
  368    42    40
  369    44    47
  370    17    16
  371    39    37
  372    50    47
  373    42    43
  374    41    44
  375    43    38
  376    19    17
  377    35    30
  378     4     5
  379    16    15
  380    23    26
  381     9    14
  382    47    49
  383    28    26
  384    24    21
  385     1     1
  386    23    21
  387    16    13
  388    39    38
  389    27    29
  390    45    40
  391    35    38
  392    15    13
  393    18    20
  394    54    50
  395    26    22
  396     1     5
  397    23    27
  398     8     3
  399    47    50
  400    27    27
  401    14    18
  402    47    47
  403    20    15
  404    12    13
  405    22    24
  406     6     2
  407    54    49
  408    34    30
  409    22    26
  410    18    16
  411    10    12
  412    31    29
  413     7    10
  414    33    36
  415    40    35
  416    14    16
  417     6     2
  418    43    44
  419     3     8
  420    19    21
  421    45    47
  422    43    44
  423    34    33
  424    14    11
  425    10    14
  426    36    31
  427    10     8
  428    13    15
  429    50    46
  430    51    49
  431     1     2
  432     8     9
  433    33    35
  434    17    14
  435    42    44
  436    10     6
  437     5     9
  438    33    37
  439    46    47
  440    11     8
  441     2     7
  442    17    12
  443    15    15
  444     8     7
  445     2     7
  446    14    17
  447    49    48
  448    14    18
  449    47    50
  450    36    38
  451     1     2
  452    12    17
  453    39    40
  454    47    49
  455    10     8
  456    25    26
  457    48    48
  458    45    42
  459    40    43
  460    10    13
  461    10    13
  462    32    33
  463    24    29
  464    17    16
  465    23    28
  466    11     9
  467    19    18
  468    41    45
  469    45    46
  470    16    21
  471    25    22
  472     9    14
  473    39    44
  474     1     5
  475    13    15
  476    27    29
  477    17    14
  478     1     4
  479    19    20
  480    33    38
  481    10     7
  482    21    18
  483    20    21
  484    24    19
  485    19    21
  486    30    25
  487    21    16
  488     8    12
  489    39    35
  490    33    38
  491    43    46
  492    28    31
  493    13    18
  494    41    45
  495     6     2
  496    42    46
  497    16    13
  498    40    38
  499    39    34
  500    37    38
2147
