500
    1    16    15
    2    15    14
    3    26    24
    4    42    45
    5    50    48
    6    37    37
    7    26    29
    8    38    43
    9    14    11
   10    26    28
   11     1     5
   12    38    33
   13    18    16
   14    34    34
   15    24    28
   16    29    28
   17    20    25
   18    39    40
   19    35    39
   20    35    30
   21     1     3
   22    20    23
   23    21    26
   24     3     4
   25    36    40
   26    19    16
   27     6     8
   28     1     5
   29     1     3
   30    46    45
   31    42    43
   32    16    13
   33    18    17
   34    18    13
   35    48    48
   36    14    13
   37    24    24
   38    52    48
   39    48    50
   40    32    34
   41    23    23
   42     7     7
   43     4     6
   44    48    45
   45    38    35
   46    41    44
   47    13    13
   48    26    29
   49    47    45
   50     7     2
   51     9    10
   52    46    46
   53     5     7
   54    29    24
   55    39    38
   56    34    39
   57    11    13
   58     4     4
   59     7     2
   60    11     6
   61    18    16
   62    25    28
   63    23    25
   64    28    24
   65    20    25
   66    31    34
   67    50    46
   68    49    44
   69    14    16
   70    34    29
   71    16    17
   72    13    13
   73     2     4
   74    12     9
   75     7     5
   76     6     2
   77    34    32
   78    37    33
   79    36    40
   80    39    38
   81    31    33
   82    51    49
   83    34    34
   84    47    47
   85    43    43
   86    47    47
   87     6     1
   88    29    26
   89    41    46
   90    22    21
   91    42    44
   92    51    48
   93    10    10
   94    36    37
   95    20    22
   96    40    37
   97    50    45
   98    24    20
   99    12    10
  100    41    44
  101     6     9
  102    15    14
  103    36    32
  104     9    12
  105    18    17
  106    42    40
  107     2     7
  108    53    48
  109    45    48
  110     1     3
  111    28    28
  112    34    39
  113     2     5
  114    19    23
  115    30    31
  116    18    22
  117    47    47
  118    24    27
  119    12    17
  120    24    28
  121     8     3
  122    38    40
  123    30    33
  124     1     2
  125     1     3
  126    21    20
  127    51    47
  128    20    15
  129    42    42
  130    34    39
  131    40    43
  132    41    37
  133    11    14
  134    12    16
  135    34    32
  136    36    38
  137    15    15
  138     1     6
  139     2     1
  140    52    48
  141    29    25
  142    49    44
  143    32    31
  144     1     3
  145    36    37
  146    11     8
  147    42    46
  148    47    47
  149     7    12
  150    24    26
  151    30    27
  152    13    12
  153    22    21
  154    42    44
  155     3     3
  156    37    42
  157    23    22
  158    37    41
  159    40    35
  160    33    29
  161    44    49
  162    28    32
  163    32    28
  164    19    23
  165    31    33
  166     6     6
  167    19    20
  168    33    29
  169    28    29
  170    48    45
  171    14    12
  172     6     5
  173     9     4
  174    14    17
  175     7     2
  176    54    50
  177    18    22
  178    31    27
  179    36    40
  180    26    27
  181    30    35
  182    10     6
  183     8    10
  184    16    18
  185    29    24
  186    30    29
  187     5     2
  188    29    31
  189    22    25
  190    11    13
  191    46    46
  192     4     4
  193    48    44
  194    50    48
  195    32    37
  196     8     5
  197    18    19
  198    43    43
  199     2     2
  200     9    11
  201    40    44
  202     1     2
  203    48    48
  204    47    46
  205    35    40
  206    20    16
  207    32    34
  208    24    23
  209    26    21
  210    42    43
  211    21    26
  212    13     9
  213     6    10
  214    20    22
  215    53    49
  216    47    43
  217    36    36
  218    27    25
  219    37    35
  220    18    18
  221    10     5
  222    13    16
  223    17    21
  224    22    19
  225    31    33
  226    37    35
  227     9    11
  228    23    25
  229    16    17
  230    24    20
  231    33    37
  232     2     4
  233    30    26
  234    52    50
  235    29    33
  236    36    37
  237    18    19
  238    14    15
  239    35    32
  240    12    16
  241    29    31
  242    34    35
  243    40    45
  244    42    41
  245     9     4
  246    14    16
  247    17    15
  248    47    43
  249    40    36
  250    28    32
  251     2     4
  252    50    46
  253    27    32
  254     8     3
  255    43    47
  256    20    20
  257    15    14
  258    39    34
  259    45    49
  260     1     6
  261     1     3
  262    20    17
  263    41    46
  264    17    16
  265    13    11
  266    41    45
  267    20    20
  268    26    31
  269     1     2
  270    42    47
  271    24    27
  272    19    23
  273    14    17
  274    17    22
  275    21    25
  276    53    50
  277    19    20
  278    47    48
  279    14    10
  280    48    50
  281    31    30
  282    26    22
  283    39    37
  284    12    12
  285    33    28
  286    41    44
  287     1     1
  288    53    50
  289    23    20
  290    41    42
  291    27    22
  292    20    19
  293    49    48
  294    39    35
  295    31    36
  296    32    32
  297    11     6
  298     8     8
  299    11     9
  300     5     7
  301    20    18
  302    48    50
  303    43    41
  304    48    47
  305    14     9
  306    20    15
  307    20    23
  308    40    41
  309     6     3
  310    45    45
  311    20    23
  312    36    38
  313    31    36
  314    38    39
  315     1     1
  316    20    24
  317    43    46
  318    47    45
  319    43    44
  320    43    42
  321    10    12
  322    49    46
  323    23    23
  324     5     4
  325    34    37
  326    12    17
  327    49    45
  328    17    18
  329     8     9
  330    16    18
  331    39    35
  332     1     1
  333    25    30
  334    47    50
  335    11     9
  336    29    25
  337     6     2
  338    18    18
  339    28    24
  340     1     1
  341    20    23
  342    30    26
  343    43    45
  344    21    22
  345    22    24
  346    39    34
  347    44    43
  348    12    11
  349    16    13
  350    31    35
  351    17    20
  352    21    22
  353     3     6
  354     1     4
  355    13    18
  356     6     6
  357     5     1
  358    52    49
  359    30    28
  360    44    44
  361    41    39
  362    20    16
  363    43    48
  364    10    12
  365     7     5
  366    35    33
  367    23    20
  368    10     8
  369    32    33
  370     3     4
  371    52    47
  372     4     7
  373     7     7
  374    21    26
  375     6     8
  376    50    45
  377    41    42
  378    45    41
  379    45    49
  380    14    18
  381    26    30
  382     3     1
  383    37    42
  384    12    17
  385    24    25
  386    36    41
  387    17    13
  388    26    24
  389    13    11
  390    14    16
  391    27    30
  392    10     5
  393    23    20
  394    22    20
  395    47    44
  396    14    13
  397    42    47
  398    20    19
  399    31    28
  400    19    15
  401     8     6
  402    37    39
  403    21    23
  404    14    19
  405    51    48
  406    27    28
  407     9    11
  408    50    48
  409    24    26
  410    34    30
  411    47    50
  412    38    41
  413    45    48
  414     4     2
  415    20    15
  416    39    44
  417    21    16
  418    19    24
  419    27    30
  420    17    19
  421    37    41
  422    25    30
  423     8    11
  424    34    33
  425    43    42
  426    42    47
  427    11     6
  428    30    29
  429     9     6
  430    45    43
  431     6     4
  432    24    25
  433    35    39
  434    33    30
  435    29    28
  436     4     8
  437    12    15
  438    20    23
  439    50    49
  440    47    44
  441    27    27
  442    13     8
  443    39    43
  444    47    43
  445    42    39
  446    28    27
  447    33    36
  448    38    38
  449    18    22
  450    35    34
  451    11    10
  452    41    41
  453    27    30
  454     6     7
  455    18    20
  456    31    34
  457    23    20
  458    16    20
  459    19    15
  460    27    25
  461    27    29
  462     6     9
  463    20    23
  464    22    26
  465    19    24
  466    30    33
  467    31    28
  468    20    23
  469    32    34
  470    24    25
  471     9    14
  472     2     6
  473    35    34
  474     8     5
  475    50    47
  476    22    19
  477    47    44
  478    30    32
  479     2     6
  480    22    18
  481    15    19
  482    50    46
  483    47    49
  484    17    15
  485    34    29
  486    16    11
  487    11    10
  488    20    20
  489    23    27
  490     8     4
  491    15    18
  492    13    11
  493    35    36
  494     1     1
  495    53    50
  496    21    20
  497    37    35
  498    22    26
  499    43    42
  500     1     2
10738
