500
    1   513   485
    2   375   326
    3   245   248
    4   441   421
    5   332   322
    6   295   295
    7    28    43
    8   382   345
    9   407   455
   10   257   252
   11     2     9
   12   412   401
   13   143   122
   14    96    94
   15   190   238
   16    68    74
   17   208   215
   18   348   382
   19   333   367
   20   529   484
   21   266   299
   22   412   433
   23   182   182
   24    73    72
   25   399   374
   26   103   138
   27   395   356
   28   166   145
   29   478   495
   30    75    29
   31   218   199
   32   256   277
   33   129    97
   34   179   219
   35   230   242
   36   105   107
   37   162   122
   38    56    70
   39    50    98
   40   118   100
   41   118   145
   42   226   267
   43   453   472
   44   362   395
   45   175   213
   46   235   248
   47   454   487
   48   468   423
   49    53    29
   50   154   174
   51    69    40
   52     7    54
   53   451   467
   54    24    46
   55   235   210
   56    41    53
   57   150   191
   58   258   224
   59   255   230
   60   504   488
   61    80    90
   62   383   340
   63    92    49
   64   237   196
   65   405   365
   66   135   178
   67   105    70
   68   415   436
   69   217   222
   70   132   151
   71    93   123
   72   479   431
   73    16     8
   74    48    85
   75   399   353
   76   103   142
   77   519   492
   78   255   225
   79   311   286
   80   274   312
   81   385   359
   82   117   163
   83    62    88
   84   207   179
   85   225   187
   86   114   119
   87   231   261
   88   386   346
   89   189   192
   90   248   261
   91     1    14
   92   348   386
   93     3    30
   94   372   349
   95   247   294
   96   329   299
   97   415   391
   98   280   330
   99   288   298
  100   339   290
  101   305   275
  102   364   326
  103    75    72
  104   346   366
  105   411   451
  106   265   248
  107   227   185
  108   501   456
  109    81    64
  110   188   183
  111   370   400
  112   210   221
  113   232   207
  114   326   323
  115    90   111
  116    90   116
  117    84   109
  118   252   295
  119   378   343
  120   340   362
  121   214   185
  122    36    10
  123   423   381
  124   456   484
  125   408   403
  126   334   360
  127   409   449
  128    29    41
  129   257   272
  130   386   377
  131   380   359
  132   224   207
  133   305   308
  134   249   270
  135     1    30
  136   252   208
  137   355   311
  138    67   100
  139   450   439
  140   419   422
  141   259   285
  142   323   370
  143   497   489
  144   518   469
  145   183   143
  146   482   472
  147     1    28
  148    76    61
  149    95   138
  150   369   348
  151   396   347
  152    60    66
  153   400   391
  154   121   138
  155   297   295
  156   296   326
  157   185   196
  158   465   449
  159   343   355
  160   146   143
  161   536   487
  162   173   140
  163    57    64
  164    71   115
  165   152   135
  166    72    64
  167   331   360
  168   275   293
  169   181   163
  170   407   359
  171   248   260
  172   171   211
  173   173   162
  174   134   159
  175   140   160
  176   298   268
  177   459   448
  178   357   315
  179   212   176
  180   383   341
  181   224   189
  182   348   394
  183   242   206
  184   500   490
  185   433   478
  186   211   171
  187   390   432
  188   374   399
  189   212   237
  190   190   187
  191   476   472
  192   299   272
  193   103    98
  194   357   406
  195   411   411
  196   105   135
  197   180   225
  198   347   323
  199   205   164
  200   350   343
  201   201   232
  202    21     2
  203   265   240
  204    31    76
  205    77   112
  206   441   402
  207   406   454
  208   389   411
  209   438   473
  210   197   203
  211   308   350
  212    71    77
  213   187   220
  214   275   302
  215   365   403
  216   213   181
  217     1    10
  218    47    25
  219   400   419
  220   167   168
  221     1    27
  222   485   462
  223   271   291
  224   130   105
  225   410   457
  226   449   405
  227   420   417
  228   298   279
  229   222   185
  230    78    96
  231   272   307
  232   219   224
  233   283   322
  234   333   340
  235   512   475
  236   366   401
  237    76    91
  238   355   327
  239   313   330
  240   211   182
  241   102   103
  242   252   293
  243    86   115
  244   226   233
  245   389   364
  246    55    16
  247   318   363
  248   527   487
  249   283   306
  250     1    34
  251   337   340
  252   207   200
  253   229   206
  254   332   287
  255   148   105
  256   346   334
  257   263   298
  258   265   310
  259   112   109
  260   219   190
  261    38    61
  262    78    79
  263    22    60
  264   338   388
  265   313   309
  266   437   407
  267   188   200
  268   357   313
  269   506   470
  270    35    33
  271   225   273
  272   260   277
  273   452   497
  274    27    40
  275   202   227
  276   403   360
  277   433   440
  278    86   108
  279   520   490
  280    74    90
  281   285   306
  282    45    52
  283   272   301
  284   234   264
  285   238   210
  286   387   386
  287   142    93
  288    96    50
  289   502   494
  290   192   156
  291   472   436
  292   505   465
  293    93    86
  294   273   223
  295   138   184
  296   393   368
  297   322   340
  298   445   412
  299   507   487
  300   180   209
  301   340   346
  302   383   360
  303   258   307
  304    49    95
  305   315   321
  306   443   441
  307   300   321
  308    61    87
  309   180   201
  310   130   165
  311    48    27
  312   272   312
  313   417   424
  314   464   459
  315   337   343
  316   306   336
  317     1     6
  318   130   179
  319   432   416
  320   383   430
  321    84    96
  322   344   308
  323   228   269
  324     1    12
  325   273   311
  326   182   185
  327    71    67
  328   302   276
  329   366   355
  330   258   218
  331   331   353
  332   114    97
  333   126   146
  334   246   246
  335     1    15
  336   432   465
  337     1    12
  338   491   480
  339   493   458
  340   199   165
  341   238   191
  342   456   464
  343    52    15
  344    62   106
  345   354   322
  346    32    36
  347   208   193
  348    27    19
  349   294   335
  350    85   101
  351   376   422
  352   300   294
  353   374   410
  354   441   410
  355   213   250
  356    32    46
  357   249   229
  358   154   109
  359   235   220
  360   460   476
  361   304   259
  362   297   298
  363   108    74
  364   164   148
  365   331   299
  366   253   285
  367   362   346
  368   373   390
  369   350   397
  370   461   416
  371   359   337
  372   224   247
  373   256   293
  374   140   144
  375   404   438
  376   506   467
  377   466   480
  378   474   455
  379   209   165
  380    14    26
  381    62    64
  382   411   449
  383     2    26
  384    45    21
  385   343   301
  386   356   321
  387   154   113
  388   426   388
  389   347   379
  390   496   490
  391   211   188
  392   417   463
  393   306   320
  394   339   300
  395   311   322
  396   231   255
  397   327   277
  398   135   153
  399   421   400
  400   275   227
  401    56    18
  402   424   447
  403   284   315
  404   351   313
  405   277   324
  406    22     2
  407   284   299
  408   306   280
  409   411   376
  410    10    16
  411   248   212
  412   372   329
  413   332   310
  414   525   486
  415   531   485
  416   457   416
  417   444   452
  418   434   394
  419   343   358
  420     1    21
  421   115   147
  422    54    44
  423   189   183
  424   387   361
  425   325   314
  426   264   231
  427     1     8
  428   204   165
  429   490   496
  430   243   199
  431   367   352
  432   429   459
  433    12    35
  434   332   314
  435   408   444
  436   281   306
  437   426   459
  438   121   137
  439   494   447
  440   389   408
  441    63   107
  442   480   462
  443    42    65
  444   447   407
  445   339   357
  446   307   317
  447   136    98
  448   341   318
  449   140   100
  450   335   288
  451   443   402
  452    34    67
  453   191   190
  454   242   249
  455   372   408
  456   246   276
  457   205   248
  458    75    92
  459   374   393
  460   334   363
  461   139   163
  462   529   483
  463   179   179
  464     1    16
  465   491   478
  466   273   259
  467   381   368
  468   253   295
  469    74    96
  470    39    71
  471   126   122
  472   408   364
  473   172   144
  474    34     5
  475   315   365
  476   445   429
  477   102    64
  478   333   354
  479   239   270
  480   138    88
  481   121   157
  482   319   368
  483   470   421
  484   234   219
  485   317   271
  486   487   475
  487   331   316
  488   440   462
  489    40    35
  490   442   438
  491   191   196
  492   358   381
  493   292   318
  494    94    45
  495    58    52
  496   482   496
  497   284   313
  498   129   138
  499   301   334
  500   517   488
21655
