100
    1   492   415
    2   452   464
    3   938   874
    4   876   895
    5   674   748
    6   377   437
    7   366   429
    8   503   543
    9   853   861
   10   845   878
   11   259   355
   12   310   383
   13   642   716
   14   151   184
   15     1    28
   16    88   128
   17   640   725
   18   915   940
   19   874   889
   20   626   530
   21     1    53
   22   683   723
   23   949   876
   24   774   754
   25   852   940
   26   196   116
   27   566   658
   28   843   755
   29   289   253
   30   363   395
   31  1064   993
   32   620   663
   33   746   667
   34   289   313
   35   450   548
   36   356   413
   37   684   724
   38   628   648
   39   657   700
   40   486   434
   41   185   223
   42    81   157
   43     1     6
   44    58   145
   45   904   935
   46   368   294
   47   963   913
   48   683   629
   49   575   495
   50   557   652
   51   109   110
   52   644   596
   53   787   757
   54   389   424
   55   568   488
   56   318   339
   57   717   713
   58   642   654
   59     1    52
   60   571   606
   61   986   916
   62   611   678
   63   714   775
   64  1009   974
   65   213   275
   66   286   384
   67   797   796
   68   529   594
   69   684   716
   70   816   829
   71   541   517
   72   416   513
   73   490   454
   74   408   459
   75   745   655
   76   577   652
   77   439   482
   78   384   383
   79   741   840
   80   164   238
   81   544   533
   82   900   849
   83   767   834
   84   843   797
   85   718   693
   86   930   997
   87   448   351
   88   390   376
   89   965   946
   90   766   671
   91   512   444
   92   629   648
   93   282   260
   94   439   387
   95   280   272
   96   627   537
   97  1026   945
   98   400   420
   99   424   460
  100    73   144
46608
