500
    1    47    24
    2    33    21
    3    25    11
    4     9     8
    5    14    35
    6    48    42
    7    34    10
    8     4    20
    9    45    34
   10    43    39
   11    50     6
   12    32    16
   13    12    19
   14    35    39
   15    36    33
   16     9    27
   17    35    46
   18    49    11
   19    27    28
   20    16    33
   21     4    26
   22    30     4
   23    27    29
   24    29    39
   25    20     7
   26     3    27
   27     7    33
   28    20    26
   29    23    24
   30    27    12
   31    40    46
   32    25    20
   33    39    32
   34     6    16
   35    30    45
   36     4    10
   37    46    23
   38    44    35
   39     1    23
   40    26    17
   41    17     8
   42    18    38
   43     2    39
   44    14    20
   45    39    48
   46    46    45
   47     9    26
   48    17    26
   49     9    38
   50    30    13
   51    44    25
   52    33     1
   53    14    12
   54    18    35
   55    19    49
   56    45    22
   57    37    26
   58    11    39
   59    15    17
   60    12    23
   61    47    27
   62    45    33
   63    44    12
   64    42    11
   65    29    44
   66    20     5
   67    40     9
   68    16    41
   69    11    19
   70    26    40
   71    22    20
   72    30    22
   73     2     5
   74    40    22
   75    27    28
   76     3    21
   77    19    37
   78    44    30
   79    17    39
   80    44     1
   81    14    22
   82    49    30
   83    28    11
   84    47    14
   85    16    14
   86    29     8
   87    39     6
   88    48    35
   89    15    19
   90     9    40
   91    37    29
   92     2    41
   93    36    21
   94    41    44
   95    45     9
   96    29    18
   97    16    44
   98    37    25
   99    39    29
  100     5    17
  101    41    16
  102     8    21
  103    43    27
  104    34    13
  105    10    34
  106    20    19
  107    39    46
  108    47     3
  109    35     5
  110    33    44
  111    30    39
  112    15     6
  113    50    30
  114     4    48
  115    29    46
  116    46    19
  117    28    28
  118    26    36
  119    17    30
  120    22    45
  121    32    44
  122    45    25
  123    47    32
  124     4    43
  125    50     4
  126     3    39
  127     7    48
  128    37    28
  129    38     7
  130    19    34
  131    49    50
  132    42    22
  133    39    37
  134     1    19
  135    10     5
  136    12    47
  137    21    38
  138    22     3
  139    36    44
  140    44    11
  141    29    30
  142    25    31
  143     8    34
  144    42    36
  145     9    14
  146    15    39
  147    48    11
  148    32     4
  149    47    49
  150    41    13
  151    43    38
  152     7    15
  153    50    30
  154    30    41
  155    21    24
  156    31    33
  157    32    35
  158    30    46
  159    28    20
  160    28    36
  161     7    44
  162    24    11
  163     5    47
  164     8    18
  165    23    34
  166    22    35
  167    18    39
  168     7    12
  169    21    46
  170    46    26
  171    13    11
  172    11    32
  173    27    33
  174    45    14
  175    16    31
  176    17    35
  177    44    35
  178    39    22
  179    31     9
  180    17    34
  181    10    36
  182     6    25
  183    16    33
  184    42    29
  185    50     1
  186     8    50
  187    50    17
  188    25    16
  189    48     6
  190    44    24
  191     9    35
  192     2    39
  193    22    47
  194    37     3
  195    35    24
  196     2    20
  197    49    22
  198     7     8
  199    11     9
  200    33    26
  201    13    39
  202    30     3
  203    21    19
  204    35    37
  205    45     1
  206     9    33
  207     4    19
  208    44    18
  209     9    22
  210    40    48
  211    10    39
  212    50    18
  213    10    41
  214     6    11
  215     6    26
  216     1    36
  217    44    23
  218    40    50
  219     6    26
  220    12    17
  221    30    40
  222    23    15
  223     2    30
  224     7    38
  225     5    46
  226    38    46
  227    31    14
  228    28    26
  229    39     2
  230    11     7
  231     1    48
  232    24    13
  233    29    25
  234    50    19
  235     6     4
  236    19    20
  237    31     4
  238     7    20
  239    10     5
  240    49    49
  241    42    42
  242    34    38
  243    21    30
  244    45    12
  245    38    33
  246    43    41
  247    23    14
  248    16    40
  249     6    21
  250    34     9
  251    43    23
  252    48    23
  253     1    43
  254    45    20
  255     3     2
  256    42     1
  257    18     7
  258    13    23
  259    45     4
  260    29    23
  261    16     6
  262    41    48
  263    44     3
  264    46    27
  265    15    36
  266     7    50
  267    48    35
  268    15    22
  269    44    35
  270     6    16
  271     4    26
  272     1    50
  273    35    32
  274    33     7
  275    10    50
  276    34     5
  277    31    29
  278    15     3
  279     8    25
  280    35    21
  281    50    43
  282    12    11
  283    28    44
  284    18    13
  285    37    19
  286    45    15
  287    17    22
  288    37    49
  289    14    33
  290    45    25
  291    33     3
  292    32    42
  293    10    17
  294    12     4
  295    36    11
  296    29     1
  297    17    23
  298    39    35
  299    10    22
  300    24     8
  301    28     7
  302     6     5
  303    23    50
  304    36    46
  305    50    40
  306    12     2
  307    33    46
  308    13    14
  309    23    28
  310     4     4
  311    21    24
  312    16    49
  313    37     5
  314    16    24
  315    17    22
  316    38    31
  317    18     1
  318    19    12
  319    36     5
  320    40    37
  321    17     5
  322    40    27
  323    34    46
  324    23    33
  325    33    24
  326    27     2
  327    12    32
  328     6    47
  329    46    32
  330    48    19
  331    20    18
  332    24    50
  333    17    13
  334    19    23
  335    35    12
  336    10    46
  337    46    31
  338    33    25
  339    39    41
  340    20    32
  341    22     8
  342    31    45
  343    12    30
  344    16    39
  345    23    23
  346    36    11
  347    26    18
  348    40    40
  349    11    50
  350    25    42
  351    28    47
  352    10     9
  353    12     7
  354    14    31
  355    23    33
  356    13     1
  357    38    16
  358     8     4
  359    14    49
  360    15    35
  361    32    24
  362    31     7
  363    40    35
  364    39    29
  365    24     2
  366     1     8
  367     4     9
  368    46    25
  369    35    14
  370    32    35
  371    35    42
  372    18     2
  373    47    50
  374    12    35
  375    37    47
  376     9    30
  377    48    37
  378    13    24
  379    13    32
  380    41    23
  381    50    47
  382    10    50
  383    33     9
  384    41    18
  385    48    38
  386    25     6
  387    29    14
  388    37     5
  389    25    20
  390    38    27
  391    23    35
  392    16    10
  393    15    21
  394    26    35
  395    12    33
  396    42     8
  397    29    12
  398     4    36
  399    31    39
  400     8    20
  401    31    13
  402    21    42
  403     4    20
  404    31    42
  405    16    11
  406    49    41
  407    50     6
  408    50    15
  409    12    25
  410    27    47
  411    30     5
  412    10    10
  413    49    29
  414    20    45
  415    31    50
  416    23     5
  417    50     9
  418    41     9
  419    14    43
  420    45    20
  421    44    20
  422    17    13
  423    45    22
  424    14    48
  425    30     3
  426    27    38
  427    17     7
  428    43    46
  429    42    25
  430    41    46
  431    25    27
  432    30    42
  433    25    12
  434    50    47
  435    44    35
  436    17    33
  437    19    12
  438     2    30
  439    37    22
  440     5     1
  441    25    42
  442    22    11
  443    42     4
  444    17    50
  445    46    48
  446    21    22
  447    15    17
  448    44    27
  449    44    35
  450     3    11
  451    11     7
  452    19     4
  453    47    11
  454    46     2
  455    19    39
  456     7     5
  457    13    35
  458    50     5
  459    39     4
  460    24    44
  461    15    20
  462    45    46
  463     2    50
  464     7    45
  465    15    27
  466    34    46
  467    12    47
  468    19    34
  469    24    41
  470    11    48
  471    45    17
  472    13    11
  473    18    15
  474    36     4
  475    35     6
  476     6    24
  477    49    29
  478    23    43
  479    31    13
  480    24    27
  481     2    14
  482     7    31
  483    24    34
  484     6    42
  485    34    50
  486    41    44
  487    36    13
  488    35    41
  489    22    32
  490    23    21
  491    48    31
  492     7    46
  493    30     3
  494    25    24
  495     4    25
  496     6     7
  497     7    48
  498    41     7
  499    28    13
  500    13    45
6398
