100
    1    25    15
    2    62    52
    3    74    64
    4    70    60
    5    84    74
    6    44    34
    7   105    95
    8    84    74
    9    58    48
   10    89    79
   11    47    37
   12    17     7
   13    39    29
   14    73    63
   15    53    43
   16    55    45
   17    71    61
   18    54    44
   19    88    78
   20    74    64
   21    65    55
   22    19     9
   23    93    83
   24    67    57
   25    26    16
   26    15     5
   27    94    84
   28    82    72
   29    38    28
   30    23    13
   31    38    28
   32    36    26
   33    35    25
   34    98    88
   35    50    40
   36    42    32
   37    99    89
   38    22    12
   39    40    30
   40    49    39
   41    63    53
   42    85    75
   43    33    23
   44    91    81
   45    86    76
   46    36    26
   47    64    54
   48    68    58
   49    50    40
   50    33    23
   51    26    16
   52    94    84
   53    68    58
   54    52    42
   55    65    55
   56    31    21
   57    63    53
   58    62    52
   59   105    95
   60    68    58
   61   103    93
   62    93    83
   63    73    63
   64    44    34
   65    77    67
   66    80    70
   67    23    13
   68    31    21
   69    58    48
   70    11     1
   71    23    13
   72    49    39
   73    34    24
   74    65    55
   75    58    48
   76    67    57
   77   110   100
   78    86    76
   79    44    34
   80    27    17
   81    33    23
   82    20    10
   83    67    57
   84    81    71
   85    16     6
   86    85    75
   87    55    45
   88    43    33
   89    45    35
   90    30    20
   91   104    94
   92    51    41
   93    23    13
   94    16     6
   95    39    29
   96   108    98
   97   105    95
   98   104    94
   99    62    52
  100    81    71
4053
