500
    1   425   415
    2   162   152
    3   474   464
    4   470   460
    5   384   374
    6   444   434
    7   405   395
    8   384   374
    9   258   248
   10   389   379
   11   447   437
   12   417   407
   13   439   429
   14   473   463
   15    53    43
   16   155   145
   17   371   361
   18    54    44
   19   388   378
   20    74    64
   21   365   355
   22    19     9
   23   393   383
   24    67    57
   25   226   216
   26   215   205
   27   194   184
   28   482   472
   29    38    28
   30   323   313
   31   138   128
   32   436   426
   33   235   225
   34   498   488
   35   450   440
   36   442   432
   37   399   389
   38   222   212
   39    40    30
   40    49    39
   41    63    53
   42   285   275
   43   233   223
   44   291   281
   45   386   376
   46   436   426
   47   264   254
   48   468   458
   49   450   440
   50   133   123
   51   126   116
   52   394   384
   53   168   158
   54   352   342
   55   265   255
   56   131   121
   57   263   253
   58   262   252
   59   405   395
   60   168   158
   61   503   493
   62   193   183
   63   173   163
   64   144   134
   65   177   167
   66   480   470
   67   323   313
   68   431   421
   69    58    48
   70   311   301
   71   423   413
   72   149   139
   73   234   224
   74   365   355
   75   158   148
   76   467   457
   77   210   200
   78   186   176
   79   444   434
   80   327   317
   81   233   223
   82   420   410
   83   167   157
   84   181   171
   85    16     6
   86   485   475
   87   155   145
   88    43    33
   89   445   435
   90   130   120
   91   304   294
   92   251   241
   93   423   413
   94   416   406
   95   139   129
   96   108    98
   97   505   495
   98   504   494
   99   162   152
  100   181   171
  101   120   110
  102   219   209
  103   106    96
  104   334   324
  105   267   257
  106   147   137
  107   434   424
  108   105    95
  109   498   488
  110   500   490
  111   349   339
  112   306   296
  113   223   213
  114   218   208
  115   164   154
  116   508   498
  117    62    52
  118   384   374
  119   116   106
  120   123   113
  121   426   416
  122   304   294
  123   188   178
  124   386   376
  125   285   275
  126   157   147
  127   484   474
  128    45    35
  129   285   275
  130   302   292
  131   394   384
  132   409   399
  133   306   296
  134   205   195
  135   104    94
  136    65    55
  137   226   216
  138   288   278
  139   339   329
  140   213   203
  141    27    17
  142   293   283
  143    23    13
  144   139   129
  145   464   454
  146   301   291
  147   469   459
  148    77    67
  149   165   155
  150   330   320
  151   162   152
  152   230   220
  153   492   482
  154   162   152
  155   393   383
  156   461   451
  157   350   340
  158   372   362
  159   248   238
  160   507   497
  161    43    33
  162   499   489
  163   359   349
  164   218   208
  165   344   334
  166   237   227
  167   307   297
  168    90    80
  169   203   193
  170   325   315
  171   507   497
  172    96    86
  173   361   351
  174   318   308
  175   386   376
  176   387   377
  177   456   446
  178   432   422
  179   181   171
  180    98    88
  181   454   444
  182    78    68
  183   158   148
  184   265   255
  185   270   260
  186   245   235
  187   397   387
  188    40    30
  189   282   272
  190   248   238
  191    47    37
  192   326   316
  193   455   445
  194   353   343
  195   430   420
  196    12     2
  197   470   460
  198   196   186
  199   154   144
  200   196   186
  201    19     9
  202   432   422
  203   274   264
  204   381   371
  205    92    82
  206   138   128
  207    22    12
  208   429   419
  209   427   417
  210   363   353
  211   100    90
  212   135   125
  213   417   407
  214   230   220
  215   108    98
  216   348   338
  217   308   298
  218   262   252
  219   263   253
  220   248   238
  221   388   378
  222   433   423
  223   149   139
  224   342   332
  225   215   205
  226    57    47
  227   483   473
  228    95    85
  229   391   381
  230   506   496
  231   132   122
  232   205   195
  233   357   347
  234   175   165
  235   387   377
  236   381   371
  237    27    17
  238   118   108
  239   138   128
  240   107    97
  241   413   403
  242   105    95
  243   350   340
  244   282   272
  245   293   283
  246   170   160
  247   212   202
  248   395   385
  249   163   153
  250    67    57
  251   480   470
  252   300   290
  253   257   247
  254   500   490
  255   225   215
  256   278   268
  257   352   342
  258   403   393
  259   249   239
  260   140   130
  261   203   193
  262   238   228
  263    47    37
  264   211   201
  265   124   114
  266   192   182
  267   226   216
  268   234   224
  269   442   432
  270    61    51
  271   448   438
  272   379   369
  273   175   165
  274    84    74
  275   316   306
  276   197   187
  277   111   101
  278    95    85
  279   458   448
  280   373   363
  281    85    75
  282   186   176
  283   454   444
  284   456   446
  285   241   231
  286    85    75
  287    13     3
  288    15     5
  289    47    37
  290   152   142
  291   468   458
  292    26    16
  293   456   446
  294   365   355
  295   157   147
  296   331   321
  297   322   312
  298   488   478
  299   436   426
  300   254   244
  301   487   477
  302   436   426
  303   422   412
  304   370   360
  305    31    21
  306   303   293
  307   454   444
  308    39    29
  309   263   253
  310   348   338
  311   202   192
  312   104    94
  313   132   122
  314   173   163
  315   101    91
  316   345   335
  317    95    85
  318   283   273
  319   239   229
  320   249   239
  321    59    49
  322   438   428
  323   492   482
  324    49    39
  325   388   378
  326   502   492
  327   183   173
  328   493   483
  329    43    33
  330   124   114
  331   216   206
  332   445   435
  333   280   270
  334   307   297
  335   489   479
  336   248   238
  337   239   229
  338   358   348
  339   155   145
  340   325   315
  341   372   362
  342   326   316
  343   115   105
  344   294   284
  345   314   304
  346   130   120
  347   427   417
  348    94    84
  349   412   402
  350   463   453
  351   460   450
  352   456   446
  353   332   322
  354   215   205
  355   487   477
  356   262   252
  357   300   290
  358   246   236
  359   237   227
  360    80    70
  361   145   135
  362   339   329
  363   266   256
  364   349   339
  365    70    60
  366   369   359
  367   178   168
  368   377   367
  369   434   424
  370   409   399
  371   339   329
  372   433   423
  373   112   102
  374   461   451
  375   291   281
  376   156   146
  377   285   275
  378    95    85
  379   123   113
  380   131   121
  381   356   346
  382   424   414
  383   164   154
  384   131   121
  385   354   344
  386   285   275
  387   358   348
  388    68    58
  389   447   437
  390   352   342
  391   415   405
  392    89    79
  393   229   219
  394   228   218
  395   503   493
  396   464   454
  397    12     2
  398   266   256
  399    71    61
  400   212   202
  401   504   494
  402    88    78
  403    62    52
  404   229   219
  405   308   298
  406    88    78
  407   156   146
  408   278   268
  409   100    90
  410    74    64
  411   326   316
  412   256   246
  413   394   384
  414   439   429
  415   283   273
  416   503   493
  417    81    71
  418   226   216
  419   303   293
  420    63    53
  421    86    76
  422   213   203
  423   169   159
  424   505   495
  425   120   110
  426   465   455
  427   482   472
  428   461   451
  429   359   349
  430    31    21
  431   453   443
  432   414   404
  433   346   336
  434   239   229
  435   185   175
  436   245   235
  437    95    85
  438    43    33
  439    28    18
  440   407   397
  441    15     5
  442   385   375
  443   226   216
  444   418   408
  445   131   121
  446   491   481
  447    29    19
  448   408   398
  449   193   183
  450   400   390
  451    45    35
  452   371   361
  453   321   311
  454   212   202
  455   135   125
  456   205   195
  457   477   467
  458   216   206
  459   280   270
  460   196   186
  461    47    37
  462   248   238
  463   264   254
  464   315   305
  465   286   276
  466   462   452
  467   260   250
  468   455   445
  469   143   133
  470   235   225
  471   197   187
  472    48    38
  473   179   169
  474   130   120
  475   375   365
  476   316   306
  477    42    32
  478   173   163
  479    26    16
  480    26    16
  481   191   181
  482   157   147
  483   245   235
  484   485   475
  485   155   145
  486   286   276
  487   501   491
  488   116   106
  489   364   354
  490   499   489
  491   376   366
  492   142   132
  493   175   165
  494   284   274
  495   503   493
  496   379   369
  497   246   236
  498   269   259
  499   442   432
  500   401   391
107865
