100
    1    84    74
    2    57    47
    3    81    71
    4    93    83
    5    71    61
    6    35    25
    7    68    58
    8    19     9
    9    45    35
   10    24    14
   11   102    92
   12   108    98
   13    70    60
   14    44    34
   15    80    70
   16    14     4
   17    94    84
   18   105    95
   19    99    89
   20    53    43
   21    16     6
   22   110   100
   23    76    66
   24    42    32
   25    29    19
   26    22    12
   27    49    39
   28    45    35
   29    93    83
   30    46    36
   31    37    27
   32    19     9
   33   106    96
   34    45    35
   35    21    11
   36   109    99
   37    38    28
   38    37    27
   39    43    33
   40    76    66
   41    86    76
   42    64    54
   43    64    54
   44    90    80
   45    89    79
   46    87    77
   47    99    89
   48    39    29
   49    17     7
   50    80    70
   51    37    27
   52    13     3
   53    43    33
   54    67    57
   55    36    26
   56    30    20
   57    34    24
   58    33    23
   59    72    62
   60    87    77
   61   106    96
   62   100    90
   63    80    70
   64    35    25
   65    92    82
   66    99    89
   67    26    16
   68    66    56
   69   105    95
   70    90    80
   71    70    60
   72    64    54
   73    33    23
   74    56    46
   75    45    35
   76    54    44
   77    33    23
   78    61    51
   79    27    17
   80    86    76
   81    68    58
   82    27    17
   83    98    88
   84    28    18
   85    99    89
   86    12     2
   87    30    20
   88    74    64
   89   108    98
   90    49    39
   91    55    45
   92   106    96
   93    86    76
   94    19     9
   95    86    76
   96    27    17
   97    48    38
   98    19     9
   99    73    63
  100    40    30
2526
