500
    1     2    15
    2    10    14
    3    34    24
    4    24    45
    5    29    48
    6     7    37
    7    13    29
    8    45    43
    9    44    11
   10    14    28
   11     9     5
   12     7    33
   13     5    16
   14    22    34
   15    13    28
   16    26    28
   17    38    25
   18    32    40
   19    12    39
   20    39    30
   21    25     3
   22    31    23
   23    26    26
   24     8     4
   25    23    40
   26    34    16
   27    42     8
   28    21     5
   29     2     3
   30     8    45
   31    33    43
   32    34    13
   33    20    17
   34    21    13
   35     1    48
   36    39    13
   37     5    24
   38     7    48
   39    26    50
   40    17    34
   41    10    23
   42    21     7
   43    25     6
   44    33    45
   45    20    35
   46    41    44
   47     6    13
   48    48    29
   49    44    45
   50    21     2
   51     9    10
   52    24    46
   53    37     7
   54    45    24
   55    40    38
   56    46    39
   57     8    13
   58    48     4
   59    24     2
   60    13     6
   61    44    16
   62    26    28
   63    47    25
   64    35    24
   65    42    25
   66    49    34
   67    45    46
   68     5    44
   69    28    16
   70     3    29
   71    33    17
   72    29    13
   73    41     4
   74    17     9
   75    20     5
   76    20     2
   77     2    32
   78     1    33
   79    12    40
   80    47    38
   81    39    33
   82     8    49
   83    27    34
   84    30    47
   85    15    43
   86    36    47
   87     8     1
   88    27    26
   89    22    46
   90    38    21
   91    18    44
   92     5    48
   93    35    10
   94    30    37
   95    38    22
   96    16    37
   97    43    45
   98     2    20
   99    36    10
  100    36    44
  101    22     9
  102    21    14
  103    28    32
  104    19    12
  105     3    17
  106    25    40
  107    20     7
  108    38    48
  109     2    48
  110    38     3
  111    23    28
  112    32    39
  113    47     5
  114    35    23
  115    46    31
  116    45    22
  117    15    47
  118    21    27
  119     8    17
  120    47    28
  121    45     3
  122    22    40
  123    10    33
  124    35     2
  125     7     3
  126    40    20
  127    40    47
  128    18    15
  129    43    42
  130    30    39
  131    28    43
  132     1    37
  133    32    14
  134    24    16
  135     1    32
  136    19    38
  137    24    15
  138    37     6
  139    35     1
  140    13    48
  141    26    25
  142    46    44
  143    25    31
  144     5     3
  145    42    37
  146    16     8
  147     5    46
  148    21    47
  149    28    12
  150    44    26
  151    26    27
  152    10    12
  153    43    21
  154    29    44
  155    38     3
  156    44    42
  157    13    22
  158    35    41
  159    23    35
  160    39    29
  161    28    49
  162    39    32
  163    42    28
  164    33    23
  165    14    33
  166    35     6
  167    47    20
  168    38    29
  169    48    29
  170    15    45
  171    16    12
  172    34     5
  173    20     4
  174    34    17
  175     3     2
  176    46    50
  177     5    22
  178     2    27
  179    36    40
  180    20    27
  181    29    35
  182    39     6
  183     9    10
  184    17    18
  185    49    24
  186    23    29
  187     1     2
  188    46    31
  189    35    25
  190    21    13
  191    14    46
  192    21     4
  193    25    44
  194     8    48
  195    42    37
  196    29     5
  197    18    19
  198     4    43
  199     6     2
  200     2    11
  201    28    44
  202    19     2
  203    28    48
  204    18    46
  205    14    40
  206    46    16
  207    29    34
  208    43    23
  209    16    21
  210     3    43
  211     3    26
  212    45     9
  213     5    10
  214     1    22
  215    21    49
  216     4    43
  217    29    36
  218    35    25
  219    33    35
  220    47    18
  221    25     5
  222     8    16
  223    31    21
  224    48    19
  225    40    33
  226    11    35
  227     2    11
  228    45    25
  229     6    17
  230    36    20
  231    38    37
  232     5     4
  233     2    26
  234    45    50
  235    25    33
  236    38    37
  237    20    19
  238     6    15
  239    13    32
  240    16    16
  241    47    31
  242    25    35
  243    26    45
  244     6    41
  245    39     4
  246    32    16
  247    24    15
  248    19    43
  249     9    36
  250    41    32
  251    42     4
  252    25    46
  253    22    32
  254     4     3
  255    46    47
  256     7    20
  257     9    14
  258    28    34
  259    12    49
  260    24     6
  261    41     3
  262    46    17
  263    47    46
  264    29    16
  265    20    11
  266    12    45
  267    43    20
  268    24    31
  269    15     2
  270    11    47
  271    49    27
  272    18    23
  273    14    17
  274    28    22
  275    41    25
  276    35    50
  277     6    20
  278    46    48
  279     3    10
  280    20    50
  281    11    30
  282    31    22
  283    11    37
  284    41    12
  285    16    28
  286    24    44
  287    36     1
  288    14    50
  289    17    20
  290    36    42
  291    10    22
  292    45    19
  293    47    48
  294     7    35
  295    25    36
  296    14    32
  297    32     6
  298    26     8
  299    11     9
  300     3     7
  301    11    18
  302    43    50
  303    44    41
  304    25    47
  305     7     9
  306    31    15
  307    30    23
  308    32    41
  309    30     3
  310    25    45
  311    18    23
  312    29    38
  313    46    36
  314    17    39
  315     4     1
  316    37    24
  317     1    46
  318    50    45
  319    15    44
  320     5    42
  321    10    12
  322    35    46
  323    21    23
  324    42     4
  325    22    37
  326    26    17
  327     3    45
  328    11    18
  329    49     9
  330    11    18
  331    13    35
  332    27     1
  333     4    30
  334    46    50
  335    42     9
  336    27    25
  337    17     2
  338    36    18
  339    36    24
  340    33     1
  341    13    23
  342    50    26
  343    13    45
  344    17    22
  345    26    24
  346    11    34
  347    45    43
  348    17    11
  349    14    13
  350    20    35
  351    21    20
  352    29    22
  353     9     6
  354    35     4
  355     6    18
  356    28     6
  357    15     1
  358    35    49
  359    23    28
  360    16    44
  361     7    39
  362    30    16
  363    21    48
  364    48    12
  365    25     5
  366     8    33
  367    27    20
  368    41     8
  369    30    33
  370    27     4
  371    44    47
  372     3     7
  373    14     7
  374    41    26
  375    46     8
  376    18    45
  377    41    42
  378    18    41
  379     4    49
  380    30    18
  381     3    30
  382     9     1
  383    20    42
  384    16    17
  385    39    25
  386    40    41
  387    26    13
  388    38    24
  389    16    11
  390    21    16
  391    14    30
  392     1     5
  393    50    20
  394    43    20
  395    37    44
  396     9    13
  397    20    47
  398    15    19
  399    18    28
  400    13    15
  401    44     6
  402     8    39
  403    25    23
  404    16    19
  405    43    48
  406     8    28
  407    11    11
  408     1    48
  409    47    26
  410    40    30
  411    41    50
  412    15    41
  413    48    48
  414     1     2
  415    12    15
  416    48    44
  417     1    16
  418    10    24
  419    31    30
  420    20    19
  421    11    41
  422    44    30
  423    24    11
  424    41    33
  425    13    42
  426    12    47
  427     4     6
  428     2    29
  429    15     6
  430     6    43
  431     6     4
  432    17    25
  433    24    39
  434    25    30
  435    13    28
  436    28     8
  437    28    15
  438    17    23
  439    50    49
  440    46    44
  441     6    27
  442    41     8
  443    31    43
  444    18    43
  445     5    39
  446    38    27
  447    14    36
  448    45    38
  449     3    22
  450    30    34
  451    36    10
  452    12    41
  453     2    30
  454     7     7
  455    46    20
  456    40    34
  457    42    20
  458    19    20
  459    12    15
  460    31    25
  461    28    29
  462    50     9
  463    19    23
  464    38    26
  465    50    24
  466    37    33
  467    47    28
  468    36    23
  469    33    34
  470    16    25
  471    50    14
  472     6     6
  473     5    34
  474    27     5
  475    22    47
  476    13    19
  477    46    44
  478    16    32
  479    44     6
  480    19    18
  481    43    19
  482    42    46
  483    29    49
  484     5    15
  485    21    29
  486    36    11
  487    15    10
  488     4    20
  489    43    27
  490    16     4
  491    43    18
  492    42    11
  493     7    36
  494    36     1
  495    29    50
  496    29    20
  497     4    35
  498     4    26
  499    31    42
  500    14     2
10738
