100
    1   425   415
    2   162   152
    3   474   464
    4   470   460
    5   884   874
    6   444   434
    7   905   895
    8   884   874
    9   758   748
   10   389   379
   11   447   437
   12   417   407
   13   439   429
   14   973   963
   15   553   543
   16   155   145
   17   871   861
   18   554   544
   19   888   878
   20    74    64
   21   365   355
   22    19     9
   23   393   383
   24    67    57
   25   726   716
   26   215   205
   27   194   184
   28   482   472
   29    38    28
   30   323   313
   31   138   128
   32   436   426
   33   735   725
   34   498   488
   35   950   940
   36   442   432
   37   899   889
   38   222   212
   39   540   530
   40    49    39
   41    63    53
   42   285   275
   43   733   723
   44   791   781
   45   886   876
   46   936   926
   47   764   754
   48   968   958
   49   950   940
   50   133   123
   51   126   116
   52   894   884
   53   668   658
   54   852   842
   55   765   755
   56   631   621
   57   263   253
   58   262   252
   59   405   395
   60   168   158
   61  1003   993
   62   193   183
   63   673   663
   64   144   134
   65   677   667
   66   480   470
   67   323   313
   68   431   421
   69   558   548
   70   311   301
   71   423   413
   72   149   139
   73   734   724
   74   365   355
   75   658   648
   76   967   957
   77   710   700
   78   186   176
   79   444   434
   80   827   817
   81   233   223
   82   920   910
   83   167   157
   84   181   171
   85    16     6
   86   485   475
   87   155   145
   88    43    33
   89   945   935
   90   630   620
   91   304   294
   92   251   241
   93   923   913
   94   416   406
   95   639   629
   96   108    98
   97   505   495
   98   504   494
   99   662   652
  100   681   671
40386
