500
    1   346   345
    2   237   193
    3   425   467
    4   119   100
    5   160   141
    6   245   291
    7   207   170
    8   315   281
    9     1    46
   10   109    59
   11   359   357
   12    78   100
   13   468   493
   14   181   161
   15   176   206
   16   250   254
   17   356   310
   18   389   425
   19   245   258
   20   407   407
   21   101   114
   22   354   313
   23   405   401
   24   542   496
   25   311   350
   26   161   121
   27   267   295
   28   130   117
   29   469   439
   30   149   104
   31   329   295
   32   182   141
   33     1    25
   34   389   414
   35    42    45
   36   284   262
   37   259   249
   38    13    18
   39   170   137
   40   438   476
   41   375   416
   42    24    23
   43   224   247
   44   215   259
   45   432   416
   46   183   144
   47   354   395
   48   334   379
   49   235   216
   50   154   157
   51   337   292
   52   509   497
   53   444   434
   54    50     5
   55   512   470
   56   195   157
   57   460   494
   58   342   348
   59   268   309
   60    27    39
   61   291   298
   62   430   432
   63   194   145
   64   372   368
   65   418   409
   66   419   369
   67   372   402
   68   308   268
   69   197   217
   70   180   211
   71   382   419
   72   369   419
   73   164   203
   74   271   240
   75   126   117
   76   350   386
   77   318   360
   78    59    56
   79   265   290
   80   203   220
   81    53    27
   82    80    39
   83   442   472
   84   102    55
   85   105   155
   86    85    79
   87   352   329
   88   119    81
   89    26     7
   90   154   156
   91   412   462
   92    39    46
   93   147   166
   94   175   165
   95   409   365
   96   459   426
   97   259   218
   98   408   398
   99   542   493
  100   263   305
  101   341   362
  102   115   117
  103   302   255
  104   132   137
  105   260   226
  106   249   203
  107   450   476
  108   132   100
  109   311   328
  110   233   198
  111   377   384
  112   198   196
  113   249   242
  114   130   134
  115   229   262
  116   284   320
  117   450   412
  118   143   106
  119   112    98
  120    88    62
  121    60    25
  122   122    82
  123   481   433
  124   111   148
  125   343   354
  126   509   480
  127   147   173
  128   330   297
  129   354   376
  130    87    60
  131   190   147
  132   235   278
  133   335   376
  134   328   317
  135   209   170
  136   485   491
  137   320   326
  138    61    56
  139   195   223
  140     9    29
  141   115    76
  142   114   162
  143    49     8
  144    89    68
  145   163   174
  146   294   299
  147    32     3
  148   296   324
  149   288   306
  150   278   295
  151   262   282
  152   254   238
  153   169   151
  154   129   117
  155    95   139
  156   414   461
  157   405   427
  158   270   268
  159   409   403
  160   249   258
  161    42    70
  162    94    96
  163    62    63
  164   118    71
  165   210   234
  166   274   295
  167   282   256
  168    19    21
  169   289   287
  170   156   110
  171    29    36
  172   205   243
  173   262   218
  174     1    15
  175    45    92
  176    49    44
  177    97   103
  178   295   274
  179    71    99
  180   363   381
  181   250   236
  182   524   490
  183   232   221
  184   390   373
  185   478   438
  186   367   414
  187    89    59
  188   440   398
  189   130   141
  190   401   418
  191   197   215
  192   440   448
  193   255   245
  194     1     1
  195   457   430
  196   427   463
  197   179   221
  198   137   127
  199   216   256
  200   235   242
  201   410   392
  202   244   202
  203   257   284
  204   137    92
  205   397   420
  206   216   250
  207   426   401
  208    47    95
  209   464   472
  210   467   446
  211   402   357
  212   372   389
  213   312   300
  214   332   342
  215   374   363
  216   450   488
  217   136   129
  218    29    13
  219   344   330
  220   110   143
  221   400   423
  222   212   190
  223   435   450
  224   450   453
  225   483   465
  226   140   165
  227   211   212
  228   131   126
  229   305   308
  230   293   264
  231   141   118
  232   278   283
  233   309   302
  234   212   235
  235     1    42
  236   107   153
  237   182   186
  238   149   142
  239    42    70
  240    68    58
  241   487   462
  242   182   212
  243   237   262
  244   484   500
  245   495   467
  246    84    80
  247     9    39
  248   318   367
  249   477   429
  250   241   221
  251   458   488
  252   475   484
  253   180   138
  254   312   263
  255   198   248
  256   305   286
  257   281   285
  258   416   377
  259   475   476
  260   364   366
  261     1     4
  262   111   158
  263   218   200
  264   464   448
  265   231   248
  266    68    47
  267    16    27
  268   321   301
  269   463   494
  270   461   432
  271   287   253
  272     1    12
  273   305   325
  274    67    64
  275   169   138
  276   258   251
  277   394   400
  278   255   299
  279   127   118
  280   270   309
  281   196   162
  282   318   315
  283   480   440
  284   438   464
  285   307   297
  286    21    30
  287   180   136
  288   466   450
  289   174   202
  290   179   184
  291   104    63
  292   399   381
  293     9    57
  294   337   371
  295   383   400
  296   393   416
  297   472   439
  298   480   495
  299   295   291
  300     1    33
  301   289   337
  302   460   452
  303   288   295
  304   414   446
  305   255   224
  306    57    33
  307   498   484
  308   439   402
  309    11    41
  310   265   224
  311   428   399
  312     1    19
  313   401   419
  314   242   207
  315   403   387
  316   390   427
  317   132   150
  318    53    78
  319   118   123
  320   100    90
  321   400   383
  322     1    12
  323   414   385
  324   458   443
  325   364   330
  326    76   108
  327   339   339
  328   202   208
  329   145   171
  330   444   394
  331   514   477
  332   443   400
  333   400   398
  334   218   185
  335   236   211
  336   153   184
  337   145   192
  338    76    48
  339   288   281
  340   429   393
  341   365   366
  342   180   211
  343   278   239
  344   217   181
  345   280   249
  346   421   448
  347   378   357
  348    33    51
  349   311   306
  350    60    12
  351   210   257
  352   113   141
  353   274   257
  354   199   217
  355   327   325
  356   438   430
  357   358   332
  358   474   476
  359   488   464
  360    79    39
  361   442   407
  362   199   162
  363   354   342
  364   496   471
  365     3     3
  366   238   220
  367    93    66
  368   358   317
  369   374   348
  370   102   144
  371   434   445
  372   135   155
  373   419   453
  374   449   479
  375   139   177
  376   263   262
  377    36    16
  378   448   483
  379   153   117
  380   503   470
  381    24    64
  382   537   500
  383   494   449
  384   146   192
  385   493   456
  386   408   372
  387    46    12
  388   110   115
  389   367   415
  390    29    21
  391   115   108
  392   229   258
  393   404   420
  394   470   451
  395   345   389
  396   384   386
  397    67    81
  398   106    77
  399   441   483
  400   153   142
  401     1    33
  402   324   314
  403    33    47
  404     1     4
  405   433   455
  406    79   109
  407   228   183
  408   209   231
  409   325   375
  410    77    87
  411   118   128
  412   349   376
  413   103   114
  414   498   474
  415   195   156
  416   444   423
  417   498   488
  418    23    41
  419   481   485
  420   181   145
  421   369   330
  422   270   272
  423    80    66
  424   326   341
  425   432   397
  426   193   218
  427   335   307
  428   420   437
  429   420   391
  430   108    95
  431     3    16
  432   403   435
  433   388   351
  434   377   338
  435   222   208
  436   229   222
  437    40    39
  438    92    77
  439    15    11
  440    95    72
  441   331   311
  442   368   333
  443   112    73
  444   503   471
  445   169   168
  446   198   149
  447   400   378
  448   419   382
  449     1     4
  450   435   448
  451   305   258
  452   340   298
  453   344   346
  454   412   404
  455   508   479
  456    56    95
  457   200   204
  458   431   411
  459   466   484
  460   400   411
  461   111    98
  462   191   179
  463   283   310
  464   358   359
  465   140   125
  466   468   491
  467   262   287
  468   143   155
  469    44    87
  470   187   186
  471   326   365
  472    80    84
  473   314   323
  474   169   205
  475   107   101
  476   167   196
  477   323   312
  478    16    13
  479   297   310
  480   261   248
  481    79    92
  482   447   464
  483   384   340
  484   119    79
  485   248   238
  486   137   102
  487    72    87
  488   443   481
  489   204   254
  490   210   238
  491   342   324
  492   327   328
  493   452   494
  494   210   212
  495    69    64
  496   403   363
  497   447   416
  498    19    18
  499    88   101
  500   342   347
85136
